Airfoil_rR0.354839.txt
1.000000     0.000000
0.970588     0.014497
0.941176     0.028400
0.911765     0.040933
0.882353     0.052674
0.852941     0.063839
0.823529     0.074421
0.794118     0.084422
0.764706     0.093944
0.735294     0.102911
0.705882     0.111355
0.676471     0.119268
0.647059     0.126619
0.617647     0.133512
0.588235     0.139743
0.558824     0.145579
0.529412     0.150755
0.500000     0.155465
0.470588     0.159446
0.441176     0.162729
0.411765     0.165193
0.382353     0.166699
0.352941     0.167250
0.323529     0.166795
0.294118     0.165273
0.264706     0.163136
0.235294     0.159284
0.205882     0.153809
0.176471     0.147226
0.147059     0.139220
0.117647     0.128570
0.088235     0.114373
0.058824     0.100029
0.029412     0.075628
0.029412     -0.029700
0.058824     -0.042807
0.088235     -0.048367
0.117647     -0.050762
0.147059     -0.051962
0.176471     -0.051971
0.205882     -0.051490
0.235294     -0.050347
0.264706     -0.048740
0.294118     -0.046659
0.323529     -0.045541
0.352941     -0.044665
0.382353     -0.043788
0.411765     -0.042912
0.441176     -0.042035
0.470588     -0.041158
0.500000     -0.040282
0.529412     -0.039405
0.558824     -0.038548
0.588235     -0.037737
0.617647     -0.036927
0.647059     -0.036116
0.676471     -0.035306
0.705882     -0.034495
0.735294     -0.033685
0.764706     -0.032874
0.794118     -0.032064
0.823529     -0.031250
0.852941     -0.030019
0.882353     -0.028787
0.911765     -0.027555
0.941176     -0.026324
