Airfoil_rR0.875000.txt
1.000000     0.000000
0.973684     0.020195
0.947368     0.028143
0.921053     0.035131
0.894737     0.041499
0.868421     0.047509
0.842105     0.053181
0.815789     0.058549
0.789474     0.063651
0.763158     0.068430
0.736842     0.072932
0.710526     0.077185
0.684211     0.081227
0.657895     0.084968
0.631579     0.088447
0.605263     0.091690
0.578947     0.094615
0.552632     0.097241
0.526316     0.099590
0.500000     0.101618
0.473684     0.103360
0.447368     0.104775
0.421053     0.105817
0.394737     0.106534
0.368421     0.106907
0.342105     0.106830
0.315789     0.106294
0.289474     0.105252
0.263158     0.103691
0.236842     0.101442
0.210526     0.098673
0.184211     0.095384
0.157895     0.090878
0.131579     0.085044
0.105263     0.077728
0.078947     0.070388
0.052632     0.060319
0.026316     0.044856
0.000000     -0.001053
0.026316     -0.028274
0.052632     -0.034977
0.078947     -0.038163
0.105263     -0.039866
0.131579     -0.040775
0.157895     -0.041394
0.184211     -0.042089
0.210526     -0.042586
0.236842     -0.042847
0.263158     -0.042474
0.289474     -0.042074
0.315789     -0.041705
0.342105     -0.041216
0.368421     -0.040691
0.394737     -0.040005
0.421053     -0.039320
0.447368     -0.038494
0.473684     -0.037599
0.500000     -0.036744
0.526316     -0.035907
0.552632     -0.035071
0.578947     -0.034234
0.605263     -0.033381
0.631579     -0.032507
0.657895     -0.031625
0.684211     -0.030723
0.710526     -0.029822
0.736842     -0.028920
0.763158     -0.027999
0.789474     -0.026906
0.815789     -0.025618
0.842105     -0.024304
0.868421     -0.023013
0.894737     -0.021823
0.921053     -0.020590
0.947368     -0.019274
