Airfoil_rR0.925000.txt
1.000000     0.000000
0.972973     0.016654
0.945946     0.024396
0.918919     0.031365
0.891892     0.037677
0.864865     0.043513
0.837838     0.049057
0.810811     0.054258
0.783784     0.059093
0.756757     0.063709
0.729730     0.067999
0.702703     0.071954
0.675676     0.075687
0.648649     0.079163
0.621622     0.082427
0.594595     0.085291
0.567568     0.087894
0.540541     0.090190
0.513514     0.092208
0.486486     0.093918
0.459459     0.095305
0.432432     0.096298
0.405405     0.097033
0.378378     0.097716
0.351351     0.097899
0.324324     0.096914
0.297297     0.095818
0.270270     0.094299
0.243243     0.092263
0.216216     0.089658
0.189189     0.086372
0.162162     0.082425
0.135135     0.077306
0.108108     0.070215
0.081081     0.063089
0.054054     0.053557
0.027027     0.038675
0.000000     -0.001842
0.027027     -0.035036
0.054054     -0.041493
0.081081     -0.043499
0.108108     -0.045047
0.135135     -0.046060
0.162162     -0.046898
0.189189     -0.047550
0.216216     -0.047534
0.243243     -0.047236
0.270270     -0.046911
0.297297     -0.046577
0.324324     -0.046240
0.351351     -0.045891
0.378378     -0.045546
0.405405     -0.045193
0.432432     -0.044451
0.459459     -0.043583
0.486486     -0.042742
0.513514     -0.041900
0.540541     -0.041057
0.567568     -0.040211
0.594595     -0.039227
0.621622     -0.038271
0.648649     -0.037269
0.675676     -0.036155
0.702703     -0.035149
0.729730     -0.034205
0.756757     -0.033260
0.783784     -0.032156
0.810811     -0.030981
0.837838     -0.029726
0.864865     -0.028514
0.891892     -0.027248
0.918919     -0.025993
0.945946     -0.024899
