Airfoil_rR0.500000.txt
1.000000     0.000000
0.972222     0.016806
0.944444     0.028105
0.916667     0.038214
0.888889     0.047532
0.861111     0.056256
0.833333     0.064396
0.805556     0.072018
0.777778     0.079243
0.750000     0.086085
0.722222     0.092603
0.694444     0.098881
0.666667     0.104969
0.638889     0.110636
0.611111     0.115995
0.583333     0.120713
0.555556     0.125164
0.527778     0.129278
0.500000     0.132878
0.472222     0.135989
0.444444     0.138517
0.416667     0.140506
0.388889     0.141903
0.361111     0.142569
0.333333     0.142464
0.305556     0.141456
0.277778     0.139576
0.250000     0.136831
0.222222     0.133116
0.194444     0.128455
0.166667     0.122438
0.138889     0.114952
0.111111     0.106398
0.083333     0.095405
0.055556     0.084138
0.027778     0.063211
0.027778     -0.026040
0.055556     -0.039019
0.083333     -0.043296
0.111111     -0.045286
0.138889     -0.046775
0.166667     -0.047351
0.194444     -0.047285
0.222222     -0.046506
0.250000     -0.045425
0.277778     -0.044055
0.305556     -0.042511
0.333333     -0.042641
0.361111     -0.042771
0.388889     -0.042231
0.416667     -0.040498
0.444444     -0.038981
0.472222     -0.038435
0.500000     -0.037930
0.527778     -0.037424
0.555556     -0.036918
0.583333     -0.036413
0.611111     -0.035496
0.638889     -0.034338
0.666667     -0.033180
0.694444     -0.031947
0.722222     -0.030660
0.750000     -0.029373
0.777778     -0.028087
0.805556     -0.026800
0.833333     -0.026474
0.861111     -0.025839
0.888889     -0.025205
0.916667     -0.023878
0.944444     -0.021759
