Airfoil_rR0.975000.txt
1.000000     0.000000
0.964286     0.014131
0.928571     0.023073
0.892857     0.031010
0.857143     0.038202
0.821429     0.044510
0.785714     0.050591
0.750000     0.056490
0.714286     0.062088
0.678571     0.066948
0.642857     0.070832
0.607143     0.074227
0.571429     0.077317
0.535714     0.079886
0.500000     0.082016
0.464286     0.083468
0.428571     0.084400
0.392857     0.084817
0.357143     0.084768
0.321429     0.084224
0.285714     0.083090
0.250000     0.080928
0.214286     0.077866
0.178571     0.073890
0.142857     0.069181
0.107143     0.060543
0.071429     0.051225
0.035714     0.036180
0.000000     -0.002529
0.035714     -0.049858
0.071429     -0.059914
0.107143     -0.064047
0.142857     -0.066474
0.178571     -0.067169
0.214286     -0.067199
0.250000     -0.067287
0.285714     -0.067080
0.321429     -0.066201
0.357143     -0.065379
0.392857     -0.064104
0.428571     -0.062820
0.464286     -0.061504
0.500000     -0.060265
0.535714     -0.059135
0.571429     -0.057848
0.607143     -0.056392
0.642857     -0.054995
0.678571     -0.053577
0.714286     -0.052004
0.750000     -0.050405
0.785714     -0.048364
0.821429     -0.046070
0.857143     -0.043699
0.892857     -0.041484
0.928571     -0.039300
