Airfoil_rR0.600000.txt
1.000000     0.000000
0.972973     0.016801
0.945946     0.026814
0.918919     0.035670
0.891892     0.043916
0.864865     0.051983
0.837838     0.059247
0.810811     0.065614
0.783784     0.071853
0.756757     0.078101
0.729730     0.083973
0.702703     0.089554
0.675676     0.094678
0.648649     0.099320
0.621622     0.103801
0.594595     0.107985
0.567568     0.111807
0.540541     0.115311
0.513514     0.118454
0.486486     0.121250
0.459459     0.123618
0.432432     0.125516
0.405405     0.126995
0.378378     0.127889
0.351351     0.128169
0.324324     0.127911
0.297297     0.126949
0.270270     0.125278
0.243243     0.122979
0.216216     0.119696
0.189189     0.115404
0.162162     0.110133
0.135135     0.103505
0.108108     0.095111
0.081081     0.085774
0.054054     0.076150
0.027027     0.055250
0.000000     -0.000000
0.027027     -0.031180
0.054054     -0.039522
0.081081     -0.043730
0.108108     -0.045709
0.135135     -0.045965
0.162162     -0.046081
0.189189     -0.046001
0.216216     -0.045254
0.243243     -0.044097
0.270270     -0.042779
0.297297     -0.041581
0.324324     -0.040034
0.351351     -0.038493
0.378378     -0.037083
0.405405     -0.036115
0.432432     -0.034979
0.459459     -0.033659
0.486486     -0.032340
0.513514     -0.031032
0.540541     -0.029810
0.567568     -0.028789
0.594595     -0.027768
0.621622     -0.027126
0.648649     -0.026600
0.675676     -0.026073
0.702703     -0.025547
0.729730     -0.025021
0.756757     -0.024494
0.783784     -0.023968
0.810811     -0.023442
0.837838     -0.022915
0.864865     -0.021902
0.891892     -0.020559
0.918919     -0.019215
0.945946     -0.017872
