Airfoil_rR0.725000.txt
1.000000     0.000000
0.974359     0.012218
0.948718     0.021155
0.923077     0.029227
0.897436     0.036595
0.871795     0.043354
0.846154     0.049747
0.820513     0.055771
0.794872     0.061483
0.769231     0.066758
0.743590     0.071792
0.717949     0.076690
0.692308     0.081302
0.666667     0.085530
0.641026     0.089562
0.615385     0.093340
0.589744     0.096888
0.564103     0.100175
0.538462     0.103257
0.512821     0.106038
0.487179     0.108516
0.461538     0.110727
0.435897     0.112528
0.410256     0.113930
0.384615     0.114868
0.358974     0.115389
0.333333     0.115425
0.307692     0.114851
0.282051     0.113879
0.256410     0.112204
0.230769     0.109790
0.205128     0.106571
0.179487     0.102650
0.153846     0.097717
0.128205     0.090982
0.102564     0.083439
0.076923     0.075678
0.051282     0.059643
0.025641     0.043567
0.000000     -0.001152
0.025641     -0.030520
0.051282     -0.039778
0.076923     -0.042883
0.102564     -0.044857
0.128205     -0.045437
0.153846     -0.045724
0.179487     -0.046010
0.205128     -0.046381
0.230769     -0.046105
0.256410     -0.045457
0.282051     -0.044764
0.307692     -0.044006
0.333333     -0.043277
0.358974     -0.042464
0.384615     -0.041886
0.410256     -0.041308
0.435897     -0.040730
0.461538     -0.040060
0.487179     -0.039385
0.512821     -0.038745
0.538462     -0.038083
0.564103     -0.037422
0.589744     -0.036760
0.615385     -0.036099
0.641026     -0.035095
0.666667     -0.034046
0.692308     -0.033182
0.717949     -0.032299
0.743590     -0.031316
0.769231     -0.030334
0.794872     -0.029433
0.820513     -0.028556
0.846154     -0.027552
0.871795     -0.026581
0.897436     -0.025756
0.923077     -0.024979
0.948718     -0.024150
