Airfoil_rR0.277419.txt
1.000000     0.000000
0.982143     0.023029
0.964286     0.036098
0.946429     0.047237
0.928571     0.057696
0.910714     0.067346
0.892857     0.075801
0.875000     0.084041
0.857143     0.092266
0.839286     0.099699
0.821429     0.106668
0.803571     0.113588
0.785714     0.120329
0.767857     0.126987
0.750000     0.133323
0.732143     0.139360
0.714286     0.145133
0.696429     0.150700
0.678571     0.155865
0.660714     0.160819
0.642857     0.165527
0.625000     0.169984
0.607143     0.174214
0.589286     0.178177
0.571429     0.181801
0.553571     0.185123
0.535714     0.188104
0.517857     0.190778
0.500000     0.193136
0.482143     0.195285
0.464286     0.196993
0.446429     0.198357
0.428571     0.199230
0.410714     0.199865
0.392857     0.200226
0.375000     0.200295
0.357143     0.200045
0.339286     0.199312
0.321429     0.198247
0.303571     0.196882
0.285714     0.195069
0.267857     0.192695
0.250000     0.190032
0.232143     0.186615
0.214286     0.182924
0.196429     0.178499
0.178571     0.173870
0.160714     0.168738
0.142857     0.163236
0.125000     0.154544
0.107143     0.145622
0.089286     0.136701
0.071429     0.127780
0.053571     0.114140
0.035714     0.096857
0.017857     0.076617
0.017857     -0.021570
0.035714     -0.037843
0.053571     -0.049548
0.071429     -0.059111
0.089286     -0.064823
0.107143     -0.069491
0.125000     -0.073029
0.142857     -0.076439
0.160714     -0.079665
0.178571     -0.081835
0.196429     -0.085962
0.214286     -0.086198
0.232143     -0.086847
0.250000     -0.085617
0.267857     -0.084795
0.285714     -0.087363
0.303571     -0.087877
0.321429     -0.087568
0.339286     -0.086765
0.357143     -0.085131
0.375000     -0.082702
0.392857     -0.080687
0.410714     -0.081339
0.428571     -0.081990
0.446429     -0.081082
0.464286     -0.079990
0.482143     -0.076435
0.500000     -0.075015
0.517857     -0.074511
0.535714     -0.074006
0.553571     -0.073502
0.571429     -0.072998
0.589286     -0.072494
0.607143     -0.071989
0.625000     -0.071665
0.642857     -0.071915
0.660714     -0.072166
0.678571     -0.072417
0.696429     -0.072667
0.714286     -0.072918
0.732143     -0.073169
0.750000     -0.073420
0.767857     -0.073670
0.785714     -0.073921
0.803571     -0.072725
0.821429     -0.069859
0.839286     -0.067116
0.857143     -0.064562
0.875000     -0.061069
0.892857     -0.057577
0.910714     -0.053764
0.928571     -0.049859
0.946429     -0.045955
0.964286     -0.041300
