Airfoil_rR0.612903.txt
1.000000     0.000000
0.972973     0.017162
0.945946     0.027152
0.918919     0.036143
0.891892     0.044719
0.864865     0.052946
0.837838     0.059644
0.810811     0.066160
0.783784     0.072528
0.756757     0.078651
0.729730     0.084635
0.702703     0.090184
0.675676     0.095312
0.648649     0.100080
0.621622     0.104627
0.594595     0.108819
0.567568     0.112703
0.540541     0.116271
0.513514     0.119501
0.486486     0.122319
0.459459     0.124711
0.432432     0.126736
0.405405     0.128261
0.378378     0.129199
0.351351     0.129595
0.324324     0.129427
0.297297     0.128540
0.270270     0.127057
0.243243     0.124852
0.216216     0.121652
0.189189     0.117623
0.162162     0.112454
0.135135     0.106118
0.108108     0.097704
0.081081     0.088697
0.054054     0.078563
0.027027     0.058147
0.000000     -0.002160
0.027027     -0.029050
0.054054     -0.036348
0.081081     -0.040265
0.108108     -0.042099
0.135135     -0.042481
0.162162     -0.042815
0.189189     -0.042648
0.216216     -0.041942
0.243243     -0.040842
0.270270     -0.039595
0.297297     -0.038297
0.324324     -0.037036
0.351351     -0.035793
0.378378     -0.034561
0.405405     -0.033373
0.432432     -0.032320
0.459459     -0.031267
0.486486     -0.030165
0.513514     -0.029049
0.540541     -0.028200
0.567568     -0.027444
0.594595     -0.026774
0.621622     -0.026513
0.648649     -0.026251
0.675676     -0.025989
0.702703     -0.025720
0.729730     -0.024642
0.756757     -0.023564
0.783784     -0.022485
0.810811     -0.021359
0.837838     -0.020194
0.864865     -0.019224
0.891892     -0.018254
0.918919     -0.017413
0.945946     -0.016839
