Airfoil_rR0.950000.txt
1.000000     0.000000
0.972222     0.019130
0.944444     0.026419
0.916667     0.033014
0.888889     0.038979
0.861111     0.044569
0.833333     0.049686
0.805556     0.054458
0.777778     0.058978
0.750000     0.063288
0.722222     0.067242
0.694444     0.070884
0.666667     0.074302
0.638889     0.077301
0.611111     0.080055
0.583333     0.082420
0.555556     0.084490
0.527778     0.086308
0.500000     0.087698
0.472222     0.088809
0.444444     0.089748
0.416667     0.090254
0.388889     0.090278
0.361111     0.090030
0.333333     0.089518
0.305556     0.088232
0.277778     0.086528
0.250000     0.084400
0.222222     0.081752
0.194444     0.078379
0.166667     0.074608
0.138889     0.070404
0.111111     0.062791
0.083333     0.055165
0.055556     0.046863
0.027778     0.031321
0.000000     -0.008625
0.027778     -0.042260
0.055556     -0.049872
0.083333     -0.051806
0.111111     -0.053437
0.138889     -0.054341
0.166667     -0.054012
0.194444     -0.053683
0.222222     -0.053354
0.250000     -0.053046
0.277778     -0.052814
0.305556     -0.052461
0.333333     -0.052020
0.361111     -0.051580
0.388889     -0.050887
0.416667     -0.049903
0.444444     -0.048918
0.472222     -0.047946
0.500000     -0.047014
0.527778     -0.046082
0.555556     -0.045060
0.583333     -0.043984
0.611111     -0.042909
0.638889     -0.041505
0.666667     -0.040028
0.694444     -0.038550
0.722222     -0.037073
0.750000     -0.035619
0.777778     -0.034320
0.805556     -0.033020
0.833333     -0.031721
0.861111     -0.030422
0.888889     -0.028901
0.916667     -0.026868
0.944444     -0.024819
