Airfoil_rR0.375000.txt
1.000000     0.000000
0.969697     0.018503
0.939394     0.032321
0.909091     0.044651
0.878788     0.056366
0.848485     0.067371
0.818182     0.077688
0.787879     0.087461
0.757576     0.096805
0.727273     0.105433
0.696970     0.113578
0.666667     0.121146
0.636364     0.128209
0.606061     0.134784
0.575758     0.140752
0.545455     0.146256
0.515152     0.151232
0.484848     0.155572
0.454545     0.159221
0.424242     0.162094
0.393939     0.164004
0.363636     0.164936
0.333333     0.164839
0.303030     0.163590
0.272727     0.161478
0.242424     0.157843
0.212121     0.152511
0.181818     0.145907
0.151515     0.137726
0.121212     0.127949
0.090909     0.113556
0.060606     0.099160
0.030303     0.073627
0.030303     -0.028910
0.060606     -0.041125
0.090909     -0.045736
0.121212     -0.046686
0.151515     -0.047293
0.181818     -0.047298
0.212121     -0.046977
0.242424     -0.045400
0.272727     -0.043604
0.303030     -0.041731
0.333333     -0.041018
0.363636     -0.040312
0.393939     -0.039607
0.424242     -0.038901
0.454545     -0.038195
0.484848     -0.037489
0.515152     -0.036783
0.545455     -0.036068
0.575758     -0.034928
0.606061     -0.033788
0.636364     -0.032649
0.666667     -0.031509
0.696970     -0.030208
0.727273     -0.028897
0.757576     -0.027586
0.787879     -0.026275
0.818182     -0.024965
0.848485     -0.023654
0.878788     -0.022343
0.909091     -0.021032
0.939394     -0.019722
