Airfoil_rR0.303226.txt
1.000000     0.000000
0.976744     0.018021
0.953488     0.031672
0.930233     0.043691
0.906977     0.054565
0.883721     0.064907
0.860465     0.074627
0.837209     0.083516
0.813953     0.092259
0.790698     0.100922
0.767442     0.109205
0.744186     0.117078
0.720930     0.124530
0.697674     0.131524
0.674419     0.138079
0.651163     0.144306
0.627907     0.150193
0.604651     0.155616
0.581395     0.160666
0.558140     0.165265
0.534884     0.169438
0.511628     0.173121
0.488372     0.176243
0.465116     0.178899
0.441860     0.181007
0.418605     0.182553
0.395349     0.183584
0.372093     0.183994
0.348837     0.183819
0.325581     0.183014
0.302326     0.181599
0.279070     0.179549
0.255814     0.176751
0.232558     0.173300
0.209302     0.168983
0.186047     0.163798
0.162791     0.157541
0.139535     0.150269
0.116279     0.140017
0.093023     0.128282
0.069767     0.116642
0.046512     0.104073
0.023256     0.077478
0.023256     -0.026183
0.046512     -0.042714
0.069767     -0.052509
0.093023     -0.058088
0.116279     -0.062259
0.139535     -0.065235
0.162791     -0.067045
0.186047     -0.068057
0.209302     -0.068203
0.232558     -0.068164
0.255814     -0.067534
0.279070     -0.066507
0.302326     -0.065457
0.325581     -0.064643
0.348837     -0.063116
0.372093     -0.061790
0.395349     -0.060612
0.418605     -0.059237
0.441860     -0.058256
0.465116     -0.057274
0.488372     -0.056293
0.511628     -0.055311
0.534884     -0.054330
0.558140     -0.053349
0.581395     -0.052367
0.604651     -0.051663
0.627907     -0.050995
0.651163     -0.050327
0.674419     -0.049659
0.697674     -0.048990
0.720930     -0.048322
0.744186     -0.047654
0.767442     -0.046986
0.790698     -0.046318
0.813953     -0.046279
0.837209     -0.046594
0.860465     -0.046909
0.883721     -0.046283
0.906977     -0.042538
0.930233     -0.038793
0.953488     -0.034559
