Airfoil_rR0.475000.txt
1.000000     0.000000
0.974359     0.015733
0.948718     0.026840
0.923077     0.036919
0.897436     0.046334
0.871795     0.055274
0.846154     0.063558
0.820513     0.071433
0.794872     0.078857
0.769231     0.085968
0.743590     0.092652
0.717949     0.098983
0.692308     0.105017
0.666667     0.110754
0.641026     0.116266
0.615385     0.121417
0.589744     0.126274
0.564103     0.130832
0.538462     0.135046
0.512821     0.138830
0.487179     0.142230
0.461538     0.145103
0.435897     0.147471
0.410256     0.149327
0.384615     0.150527
0.358974     0.151119
0.333333     0.150961
0.307692     0.150051
0.282051     0.148330
0.256410     0.145800
0.230769     0.142270
0.205128     0.137915
0.179487     0.132486
0.153846     0.126053
0.128205     0.118293
0.102564     0.108746
0.076923     0.097940
0.051282     0.087103
0.025641     0.063533
0.025641     -0.027210
0.051282     -0.037430
0.076923     -0.041553
0.102564     -0.043007
0.128205     -0.043926
0.153846     -0.044552
0.179487     -0.045011
0.205128     -0.045050
0.230769     -0.044487
0.256410     -0.042979
0.282051     -0.041575
0.307692     -0.041185
0.333333     -0.041306
0.358974     -0.041426
0.384615     -0.041606
0.410256     -0.041750
0.435897     -0.041895
0.461538     -0.042039
0.487179     -0.042183
0.512821     -0.040946
0.538462     -0.039679
0.564103     -0.038404
0.589744     -0.037127
0.615385     -0.035850
0.641026     -0.034641
0.666667     -0.033513
0.692308     -0.032385
0.717949     -0.031257
0.743590     -0.030129
0.769231     -0.029001
0.794872     -0.027874
0.820513     -0.026934
0.846154     -0.026073
0.871795     -0.025175
0.897436     -0.024860
0.923077     -0.023452
0.948718     -0.021419
