Airfoil_rR0.800000.txt
1.000000     0.000000
0.972222     0.022790
0.944444     0.031544
0.916667     0.039069
0.888889     0.046025
0.861111     0.052430
0.833333     0.058582
0.805556     0.064306
0.777778     0.069672
0.750000     0.074765
0.722222     0.079544
0.694444     0.084006
0.666667     0.088263
0.638889     0.092295
0.611111     0.096073
0.583333     0.099624
0.555556     0.102818
0.527778     0.105664
0.500000     0.108159
0.472222     0.110249
0.444444     0.111975
0.416667     0.113242
0.388889     0.114052
0.361111     0.114487
0.333333     0.114416
0.305556     0.113731
0.277778     0.112554
0.250000     0.110734
0.222222     0.108210
0.194444     0.104752
0.166667     0.100402
0.138889     0.094825
0.111111     0.087061
0.083333     0.079189
0.055556     0.067054
0.027778     0.050654
0.000000     -0.001939
0.027778     -0.026083
0.055556     -0.031176
0.083333     -0.034529
0.111111     -0.036906
0.138889     -0.037604
0.166667     -0.037918
0.194444     -0.038226
0.222222     -0.038196
0.250000     -0.037852
0.277778     -0.037509
0.305556     -0.037016
0.333333     -0.036439
0.361111     -0.035786
0.388889     -0.035119
0.416667     -0.034418
0.444444     -0.033605
0.472222     -0.032782
0.500000     -0.031962
0.527778     -0.031090
0.555556     -0.030277
0.583333     -0.029500
0.611111     -0.028723
0.638889     -0.027834
0.666667     -0.026879
0.694444     -0.025904
0.722222     -0.024880
0.750000     -0.023916
0.777778     -0.022955
0.805556     -0.021993
0.833333     -0.021031
0.861111     -0.020028
0.888889     -0.018609
0.916667     -0.017237
0.944444     -0.015710
