Airfoil_rR0.250000.txt
1.000000     0.000000
0.983333     0.024844
0.966667     0.040710
0.950000     0.054195
0.933333     0.066503
0.916667     0.080063
0.900000     0.089302
0.883333     0.098251
0.866667     0.104394
0.850000     0.112447
0.833333     0.120141
0.816667     0.127276
0.800000     0.134146
0.783333     0.141001
0.766667     0.147269
0.750000     0.153538
0.733333     0.159685
0.716667     0.165419
0.700000     0.170811
0.683333     0.175961
0.666667     0.180887
0.650000     0.187091
0.633333     0.191364
0.616667     0.195428
0.600000     0.199218
0.583333     0.202724
0.566667     0.205882
0.550000     0.208676
0.533333     0.210941
0.516667     0.212647
0.500000     0.214756
0.483333     0.216202
0.466667     0.217208
0.450000     0.218148
0.433333     0.218847
0.416667     0.218797
0.400000     0.218537
0.383333     0.218222
0.366667     0.217695
0.350000     0.216772
0.333333     0.215615
0.316667     0.213944
0.300000     0.211910
0.283333     0.209521
0.266667     0.206572
0.250000     0.203360
0.233333     0.199482
0.216667     0.195404
0.200000     0.190584
0.183333     0.185244
0.166667     0.179831
0.150000     0.172102
0.133333     0.163797
0.116667     0.155476
0.100000     0.147155
0.083333     0.138834
0.066667     0.123524
0.050000     0.107962
0.033333     0.092399
0.016667     0.075419
0.016667     -0.031274
0.033333     -0.049536
0.050000     -0.064350
0.066667     -0.074377
0.083333     -0.083090
0.100000     -0.089190
0.116667     -0.095584
0.133333     -0.101398
0.150000     -0.105695
0.166667     -0.108069
0.183333     -0.111342
0.200000     -0.115603
0.216667     -0.119951
0.233333     -0.122534
0.250000     -0.124028
0.266667     -0.123630
0.283333     -0.124340
0.300000     -0.124962
0.316667     -0.124630
0.333333     -0.125616
0.350000     -0.126264
0.366667     -0.126413
0.383333     -0.127924
0.400000     -0.128641
0.416667     -0.128005
0.433333     -0.126162
0.450000     -0.124406
0.466667     -0.125126
0.483333     -0.124909
0.500000     -0.124002
0.516667     -0.119166
0.533333     -0.118131
0.550000     -0.118478
0.566667     -0.118824
0.583333     -0.119171
0.600000     -0.119518
0.616667     -0.119864
0.633333     -0.120211
0.650000     -0.120558
0.666667     -0.120904
0.683333     -0.121251
0.700000     -0.121597
0.716667     -0.120973
0.733333     -0.118413
0.750000     -0.116374
0.766667     -0.114530
0.783333     -0.111455
0.800000     -0.108247
0.816667     -0.104721
0.833333     -0.101233
0.850000     -0.098158
0.866667     -0.094765
0.883333     -0.091275
0.900000     -0.087252
0.916667     -0.083118
0.933333     -0.075921
0.950000     -0.071262
0.966667     -0.066173
