Airfoil_rR0.329032.txt
1.000000     0.000000
0.969697     0.022004
0.939394     0.036361
0.909091     0.049279
0.878788     0.061352
0.848485     0.073058
0.818182     0.084171
0.787879     0.094619
0.757576     0.104473
0.727273     0.113777
0.696970     0.122385
0.666667     0.130406
0.636364     0.137764
0.606061     0.144626
0.575758     0.150829
0.545455     0.156442
0.515152     0.161317
0.484848     0.165510
0.454545     0.168847
0.424242     0.171446
0.393939     0.172967
0.363636     0.173536
0.333333     0.173033
0.303030     0.171473
0.272727     0.168943
0.242424     0.164968
0.212121     0.159633
0.181818     0.153272
0.151515     0.145263
0.121212     0.134752
0.090909     0.119223
0.060606     0.103694
0.030303     0.077835
0.000000     -0.000041
0.030303     -0.033598
0.060606     -0.048177
0.090909     -0.054815
0.121212     -0.057887
0.151515     -0.059562
0.181818     -0.059953
0.212121     -0.059136
0.242424     -0.057945
0.272727     -0.056312
0.303030     -0.054790
0.333333     -0.053375
0.363636     -0.051937
0.393939     -0.050499
0.424242     -0.049061
0.454545     -0.047624
0.484848     -0.046186
0.515152     -0.044748
0.545455     -0.043310
0.575758     -0.041873
0.606061     -0.040435
0.636364     -0.038997
0.666667     -0.037559
0.696970     -0.036122
0.727273     -0.034684
0.757576     -0.033246
0.787879     -0.031808
0.818182     -0.030371
0.848485     -0.028933
0.878788     -0.027495
0.909091     -0.026057
0.939394     -0.024620
