Airfoil_rR0.775000.txt
1.000000     0.000000
0.973684     0.018234
0.947368     0.026915
0.921053     0.034531
0.894737     0.041417
0.868421     0.047789
0.842105     0.053760
0.815789     0.059387
0.789474     0.064651
0.763158     0.069598
0.736842     0.074269
0.710526     0.078686
0.684211     0.082904
0.657895     0.086831
0.631579     0.090560
0.605263     0.094083
0.578947     0.097346
0.552632     0.100385
0.526316     0.103200
0.500000     0.105626
0.473684     0.107742
0.447368     0.109469
0.421053     0.110841
0.394737     0.111735
0.368421     0.112145
0.342105     0.112154
0.315789     0.111650
0.289474     0.110587
0.263158     0.109019
0.236842     0.106936
0.210526     0.103907
0.184211     0.099925
0.157895     0.095001
0.131579     0.088456
0.105263     0.080634
0.078947     0.072788
0.052632     0.058676
0.026316     0.042358
0.000000     -0.000000
0.026316     -0.034995
0.052632     -0.040332
0.078947     -0.044334
0.105263     -0.045870
0.131579     -0.046697
0.157895     -0.046359
0.184211     -0.045861
0.210526     -0.045307
0.236842     -0.044731
0.263158     -0.044163
0.289474     -0.043435
0.315789     -0.042733
0.342105     -0.042129
0.368421     -0.041468
0.394737     -0.040589
0.421053     -0.039691
0.447368     -0.039094
0.473684     -0.038707
0.500000     -0.037634
0.526316     -0.036424
0.552632     -0.035215
0.578947     -0.034078
0.605263     -0.033116
0.631579     -0.032126
0.657895     -0.030950
0.684211     -0.029935
0.710526     -0.028971
0.736842     -0.028017
0.763158     -0.027068
0.789474     -0.026118
0.815789     -0.025116
0.842105     -0.023989
0.868421     -0.022855
0.894737     -0.021667
0.921053     -0.020477
0.947368     -0.019050
