Airfoil_rR0.650000.txt
1.000000     0.000000
0.977273     0.013068
0.954545     0.021948
0.931818     0.029292
0.909091     0.036319
0.886364     0.043102
0.863636     0.049678
0.840909     0.055256
0.818182     0.060467
0.795455     0.065621
0.772727     0.070738
0.750000     0.075520
0.727273     0.080107
0.704545     0.084589
0.681818     0.088853
0.659091     0.092822
0.636364     0.096588
0.613636     0.100150
0.590909     0.103506
0.568182     0.106622
0.545455     0.109544
0.522727     0.112234
0.500000     0.114606
0.477273     0.116749
0.454545     0.118574
0.431818     0.120078
0.409091     0.121286
0.386364     0.122078
0.363636     0.122598
0.340909     0.122685
0.318182     0.122264
0.295455     0.121455
0.272727     0.120224
0.250000     0.118389
0.227273     0.116006
0.204545     0.113055
0.181818     0.109434
0.159091     0.104831
0.136364     0.099799
0.113636     0.092955
0.090909     0.085275
0.068182     0.077595
0.045455     0.066437
0.022727     0.047290
0.000000     -0.002026
0.022727     -0.029523
0.045455     -0.039594
0.068182     -0.044042
0.090909     -0.045859
0.113636     -0.047035
0.136364     -0.047712
0.159091     -0.047662
0.181818     -0.047066
0.204545     -0.046345
0.227273     -0.045535
0.250000     -0.044724
0.272727     -0.043842
0.295455     -0.043036
0.318182     -0.042267
0.340909     -0.041339
0.363636     -0.040390
0.386364     -0.039917
0.409091     -0.039042
0.431818     -0.037993
0.454545     -0.036945
0.477273     -0.035896
0.500000     -0.034874
0.522727     -0.033982
0.545455     -0.033131
0.568182     -0.032281
0.590909     -0.031430
0.613636     -0.030753
0.636364     -0.030324
0.659091     -0.030097
0.681818     -0.029094
0.704545     -0.028002
0.727273     -0.027093
0.750000     -0.026184
0.772727     -0.025274
0.795455     -0.024573
0.818182     -0.023891
0.840909     -0.023209
0.863636     -0.022642
0.886364     -0.022175
0.909091     -0.021472
0.931818     -0.020787
0.954545     -0.020109
