Airfoil_rR0.625000.txt
1.000000     0.000000
0.975610     0.016598
0.951219     0.025875
0.926829     0.034367
0.902439     0.042507
0.878049     0.049905
0.853658     0.056411
0.829268     0.062705
0.804878     0.068703
0.780488     0.074542
0.756098     0.080095
0.731707     0.085394
0.707317     0.090569
0.682927     0.095319
0.658537     0.099902
0.634146     0.104188
0.609756     0.108214
0.585366     0.111982
0.560976     0.115545
0.536585     0.118805
0.512195     0.121767
0.487805     0.124423
0.463415     0.126749
0.439024     0.128694
0.414634     0.130305
0.390244     0.131490
0.365854     0.132228
0.341463     0.132560
0.317073     0.132296
0.292683     0.131532
0.268293     0.130291
0.243902     0.128350
0.219512     0.125675
0.195122     0.122433
0.170732     0.118547
0.146341     0.113162
0.121951     0.106698
0.097561     0.098852
0.073171     0.091006
0.048780     0.080432
0.024390     0.060602
0.024390     -0.022983
0.048780     -0.030602
0.073171     -0.034768
0.097561     -0.036045
0.121951     -0.037293
0.146341     -0.037704
0.170732     -0.037864
0.195122     -0.037643
0.219512     -0.036976
0.243902     -0.036174
0.268293     -0.035210
0.292683     -0.034374
0.317073     -0.033538
0.341463     -0.032701
0.365854     -0.031865
0.390244     -0.031029
0.414634     -0.030177
0.439024     -0.029323
0.463415     -0.028602
0.487805     -0.027880
0.512195     -0.027158
0.536585     -0.026437
0.560976     -0.025773
0.585366     -0.024766
0.609756     -0.023844
0.634146     -0.022998
0.658537     -0.022411
0.682927     -0.021824
0.707317     -0.021237
0.731707     -0.020650
0.756098     -0.020063
0.780488     -0.019476
0.804878     -0.018889
0.829268     -0.018302
0.853658     -0.017977
0.878049     -0.017693
0.902439     -0.017433
0.926829     -0.017297
0.951219     -0.016635
