Airfoil_rR0.700000.txt
1.000000     0.000000
0.978261     0.010554
0.956522     0.018425
0.934783     0.025972
0.913043     0.032604
0.891304     0.038449
0.869565     0.044251
0.847826     0.050027
0.826087     0.055154
0.804348     0.060087
0.782609     0.064910
0.760870     0.069448
0.739130     0.073771
0.717391     0.077968
0.695652     0.082000
0.673913     0.085826
0.652174     0.089458
0.630435     0.092899
0.608696     0.096166
0.586957     0.099286
0.565217     0.102177
0.543478     0.104829
0.521739     0.107316
0.500000     0.109568
0.478261     0.111622
0.456522     0.113426
0.434783     0.114943
0.413043     0.116269
0.391304     0.117142
0.369565     0.117737
0.347826     0.118009
0.326087     0.117875
0.304348     0.117306
0.282609     0.116441
0.260870     0.115033
0.239130     0.113171
0.217391     0.110827
0.195652     0.107735
0.173913     0.104007
0.152174     0.099694
0.130435     0.093915
0.108696     0.087112
0.086957     0.080167
0.065217     0.072649
0.043478     0.057928
0.021739     0.042760
0.021739     -0.027937
0.043478     -0.036479
0.065217     -0.041725
0.086957     -0.044388
0.108696     -0.045296
0.130435     -0.046380
0.152174     -0.046771
0.173913     -0.046841
0.195652     -0.046879
0.217391     -0.046491
0.239130     -0.046023
0.260870     -0.045534
0.282609     -0.044925
0.304348     -0.044349
0.326087     -0.043910
0.347826     -0.043511
0.369565     -0.042700
0.391304     -0.041890
0.413043     -0.041079
0.434783     -0.040355
0.456522     -0.039667
0.478261     -0.038969
0.500000     -0.038229
0.521739     -0.037502
0.543478     -0.036785
0.565217     -0.036081
0.586957     -0.035403
0.608696     -0.034834
0.630435     -0.034254
0.652174     -0.033535
0.673913     -0.032815
0.695652     -0.032739
0.717391     -0.032213
0.739130     -0.030954
0.760870     -0.030146
0.782609     -0.029608
0.804348     -0.029355
0.826087     -0.029241
0.847826     -0.028804
0.869565     -0.027664
0.891304     -0.026524
0.913043     -0.025642
0.934783     -0.025026
0.956522     -0.024377
