Airfoil_rR0.300000.txt
1.000000     0.000000
0.976744     0.017290
0.953488     0.031134
0.930233     0.043437
0.906977     0.054513
0.883721     0.064946
0.860465     0.074925
0.837209     0.083894
0.813953     0.092772
0.790698     0.101509
0.767442     0.109930
0.744186     0.117893
0.720930     0.125464
0.697674     0.132538
0.674419     0.139179
0.651163     0.145486
0.627907     0.151460
0.604651     0.156960
0.581395     0.162058
0.558140     0.166723
0.534884     0.170955
0.511628     0.174672
0.488372     0.177824
0.465116     0.180501
0.441860     0.182624
0.418605     0.184207
0.395349     0.185243
0.372093     0.185690
0.348837     0.185518
0.325581     0.184747
0.302326     0.183363
0.279070     0.181320
0.255814     0.178553
0.232558     0.175150
0.209302     0.170785
0.186047     0.165519
0.162791     0.159282
0.139535     0.152146
0.116279     0.141789
0.093023     0.130209
0.069767     0.118654
0.046512     0.105911
0.023256     0.079321
0.023256     -0.024925
0.046512     -0.041453
0.069767     -0.051687
0.093023     -0.057470
0.116279     -0.061650
0.139535     -0.064912
0.162791     -0.066977
0.186047     -0.068151
0.209302     -0.068453
0.232558     -0.068513
0.255814     -0.068155
0.279070     -0.067190
0.302326     -0.066208
0.325581     -0.065681
0.348837     -0.064232
0.372093     -0.062774
0.395349     -0.061671
0.418605     -0.060311
0.441860     -0.059187
0.465116     -0.058274
0.488372     -0.057361
0.511628     -0.056448
0.534884     -0.055536
0.558140     -0.054817
0.581395     -0.054217
0.604651     -0.053618
0.627907     -0.053018
0.651163     -0.052419
0.674419     -0.051819
0.697674     -0.051219
0.720930     -0.050620
0.744186     -0.050020
0.767442     -0.049421
0.790698     -0.049194
0.813953     -0.049577
0.837209     -0.049961
0.860465     -0.050344
0.883721     -0.048277
0.906977     -0.044603
0.930233     -0.040991
0.953488     -0.036502
