Airfoil_rR0.535484.txt
1.000000     0.000000
0.971429     0.017441
0.942857     0.028519
0.914286     0.038411
0.885714     0.047497
0.857143     0.055973
0.828571     0.063887
0.800000     0.071273
0.771429     0.078353
0.742857     0.085302
0.714286     0.091450
0.685714     0.097416
0.657143     0.103165
0.628571     0.108666
0.600000     0.113846
0.571429     0.118271
0.542857     0.122452
0.514286     0.126212
0.485714     0.129469
0.457143     0.132175
0.428571     0.134309
0.400000     0.135961
0.371429     0.136896
0.342857     0.137053
0.314286     0.136414
0.285714     0.134877
0.257143     0.132584
0.228571     0.129301
0.200000     0.124916
0.171429     0.119269
0.142857     0.112204
0.114286     0.103918
0.085714     0.093006
0.057143     0.082117
0.028571     0.061560
0.028571     -0.027696
0.057143     -0.039280
0.085714     -0.043304
0.114286     -0.045487
0.142857     -0.046490
0.171429     -0.046312
0.200000     -0.045881
0.228571     -0.045053
0.257143     -0.043991
0.285714     -0.042897
0.314286     -0.041649
0.342857     -0.040516
0.371429     -0.040243
0.400000     -0.040117
0.428571     -0.039991
0.457143     -0.039865
0.485714     -0.039738
0.514286     -0.039612
0.542857     -0.039486
0.571429     -0.037769
0.600000     -0.036052
0.628571     -0.034402
0.657143     -0.032719
0.685714     -0.031020
0.714286     -0.029320
0.742857     -0.027621
0.771429     -0.026507
0.800000     -0.024889
0.828571     -0.023271
0.857143     -0.022190
0.885714     -0.021591
0.914286     -0.020094
0.942857     -0.018597
