Airfoil_rR0.325000.txt
1.000000     0.000000
0.973684     0.021052
0.947368     0.033759
0.921053     0.045681
0.894737     0.056213
0.868421     0.066628
0.842105     0.076611
0.815789     0.086175
0.789474     0.095303
0.763158     0.103927
0.736842     0.112152
0.710526     0.119866
0.684211     0.127113
0.657895     0.133897
0.631579     0.140185
0.605263     0.146078
0.578947     0.151485
0.552632     0.156449
0.526316     0.160845
0.500000     0.164714
0.473684     0.167969
0.447368     0.170660
0.421053     0.172666
0.394737     0.173928
0.368421     0.174431
0.342105     0.174157
0.315789     0.173148
0.289474     0.171249
0.263158     0.168762
0.236842     0.164777
0.210526     0.160033
0.184211     0.154451
0.157895     0.147749
0.131579     0.139642
0.105263     0.126864
0.078947     0.113330
0.052632     0.099799
0.026316     0.073210
0.026316     -0.031238
0.052632     -0.046900
0.078947     -0.053728
0.105263     -0.057720
0.131579     -0.059864
0.157895     -0.061140
0.184211     -0.061367
0.210526     -0.060675
0.236842     -0.059713
0.263158     -0.058336
0.289474     -0.056857
0.315789     -0.055513
0.342105     -0.054225
0.368421     -0.052938
0.394737     -0.051650
0.421053     -0.050362
0.447368     -0.049075
0.473684     -0.047787
0.500000     -0.046499
0.526316     -0.045212
0.552632     -0.043924
0.578947     -0.042636
0.605263     -0.041349
0.631579     -0.040061
0.657895     -0.038773
0.684211     -0.037486
0.710526     -0.036198
0.736842     -0.034910
0.763158     -0.033623
0.789474     -0.032335
0.815789     -0.031047
0.842105     -0.029760
0.868421     -0.028472
0.894737     -0.027184
0.921053     -0.025897
0.947368     -0.024762
