Airfoil_rR0.380645.txt
1.000000     0.000000
0.971429     0.017779
0.942857     0.030893
0.914286     0.042588
0.885714     0.053696
0.857143     0.064170
0.828571     0.074031
0.800000     0.083335
0.771429     0.092270
0.742857     0.100632
0.714286     0.108531
0.685714     0.115888
0.657143     0.122821
0.628571     0.129308
0.600000     0.135286
0.571429     0.140818
0.542857     0.145969
0.514286     0.150559
0.485714     0.154657
0.457143     0.158125
0.428571     0.160898
0.400000     0.162903
0.371429     0.163955
0.342857     0.164128
0.314286     0.163401
0.285714     0.161562
0.257143     0.159227
0.228571     0.154737
0.200000     0.149381
0.171429     0.142615
0.142857     0.134363
0.114286     0.124047
0.085714     0.110547
0.057143     0.097041
0.028571     0.071458
0.028571     -0.027886
0.057143     -0.040268
0.085714     -0.044918
0.114286     -0.045992
0.142857     -0.046719
0.171429     -0.046787
0.200000     -0.046752
0.228571     -0.045637
0.257143     -0.044056
0.285714     -0.042413
0.314286     -0.041122
0.342857     -0.040514
0.371429     -0.039907
0.400000     -0.039300
0.428571     -0.038693
0.457143     -0.038086
0.485714     -0.037381
0.514286     -0.036365
0.542857     -0.035348
0.571429     -0.034317
0.600000     -0.033139
0.628571     -0.031962
0.657143     -0.030784
0.685714     -0.029607
0.714286     -0.028429
0.742857     -0.027251
0.771429     -0.026074
0.800000     -0.024896
0.828571     -0.023904
0.857143     -0.023008
0.885714     -0.022112
0.914286     -0.021074
0.942857     -0.019229
