Airfoil_rR0.587097.txt
1.000000     0.000000
0.970588     0.017639
0.941176     0.028711
0.911765     0.038200
0.882353     0.047010
0.852941     0.055128
0.823529     0.062745
0.794118     0.069955
0.764706     0.076752
0.735294     0.083373
0.705882     0.089879
0.676471     0.095574
0.647059     0.100584
0.617647     0.105476
0.588235     0.110102
0.558824     0.114261
0.529412     0.117972
0.500000     0.121268
0.470588     0.124126
0.441176     0.126475
0.411765     0.128229
0.382353     0.129346
0.352941     0.129774
0.323529     0.129428
0.294118     0.128357
0.264706     0.126400
0.235294     0.123628
0.205882     0.119705
0.176471     0.114487
0.147059     0.107814
0.117647     0.099716
0.088235     0.089302
0.058824     0.078928
0.029412     0.058690
0.000000     -0.001717
0.029412     -0.030957
0.058824     -0.040355
0.088235     -0.044514
0.117647     -0.045940
0.147059     -0.046170
0.176471     -0.046087
0.205882     -0.045663
0.235294     -0.044524
0.264706     -0.043133
0.294118     -0.041688
0.323529     -0.040250
0.352941     -0.038829
0.382353     -0.037595
0.411765     -0.036366
0.441176     -0.035125
0.470588     -0.033885
0.500000     -0.032520
0.529412     -0.030896
0.558824     -0.029297
0.588235     -0.027698
0.617647     -0.026699
0.647059     -0.026055
0.676471     -0.025291
0.705882     -0.024527
0.735294     -0.023764
0.764706     -0.023000
0.794118     -0.022236
0.823529     -0.021473
0.852941     -0.020709
0.882353     -0.019945
0.911765     -0.019181
0.941176     -0.018418
