Airfoil_rR0.575000.txt
1.000000     0.000000
0.970588     0.017252
0.941176     0.028298
0.911765     0.038012
0.882353     0.047375
0.852941     0.055282
0.823529     0.063006
0.794118     0.070204
0.764706     0.077195
0.735294     0.083771
0.705882     0.090046
0.676471     0.096056
0.647059     0.101801
0.617647     0.106571
0.588235     0.111281
0.558824     0.115573
0.529412     0.119451
0.500000     0.122857
0.470588     0.125704
0.441176     0.128125
0.411765     0.129936
0.382353     0.131161
0.352941     0.131549
0.323529     0.131266
0.294118     0.130204
0.264706     0.128270
0.235294     0.125326
0.205882     0.121499
0.176471     0.116250
0.147059     0.109509
0.117647     0.101223
0.088235     0.090764
0.058824     0.080306
0.029412     0.060350
0.000000     -0.000140
0.029412     -0.028509
0.058824     -0.039343
0.088235     -0.043399
0.117647     -0.044974
0.147059     -0.046004
0.176471     -0.046181
0.205882     -0.045632
0.235294     -0.044991
0.264706     -0.043408
0.294118     -0.041949
0.323529     -0.040490
0.352941     -0.039049
0.382353     -0.037698
0.411765     -0.036346
0.441176     -0.034995
0.470588     -0.033643
0.500000     -0.032291
0.529412     -0.030940
0.558824     -0.029481
0.588235     -0.028567
0.617647     -0.027814
0.647059     -0.027061
0.676471     -0.026307
0.705882     -0.025554
0.735294     -0.024800
0.764706     -0.024032
0.794118     -0.023138
0.823529     -0.022244
0.852941     -0.021351
0.882353     -0.020457
0.911765     -0.019563
0.941176     -0.018669
