Airfoil_rR0.425000.txt
1.000000     0.000000
0.970588     0.017582
0.941176     0.030639
0.911765     0.042496
0.882353     0.053677
0.852941     0.064093
0.823529     0.073913
0.794118     0.083162
0.764706     0.091870
0.735294     0.100116
0.705882     0.107889
0.676471     0.115120
0.647059     0.121874
0.617647     0.128220
0.588235     0.134092
0.558824     0.139495
0.529412     0.144477
0.500000     0.148924
0.470588     0.152774
0.441176     0.155923
0.411765     0.158246
0.382353     0.159772
0.352941     0.160303
0.323529     0.159897
0.294118     0.158321
0.264706     0.155685
0.235294     0.152047
0.205882     0.146709
0.176471     0.140327
0.147059     0.132218
0.117647     0.122445
0.088235     0.108793
0.058824     0.095135
0.029412     0.071820
0.029412     -0.029192
0.058824     -0.040367
0.088235     -0.043979
0.117647     -0.045097
0.147059     -0.045697
0.176471     -0.045942
0.205882     -0.045530
0.235294     -0.044182
0.264706     -0.042778
0.294118     -0.041603
0.323529     -0.040963
0.352941     -0.040324
0.382353     -0.039684
0.411765     -0.039045
0.441176     -0.038405
0.470588     -0.037766
0.500000     -0.037126
0.529412     -0.036486
0.558824     -0.035847
0.588235     -0.035207
0.617647     -0.034568
0.647059     -0.033928
0.676471     -0.033289
0.705882     -0.032182
0.735294     -0.030565
0.764706     -0.028949
0.794118     -0.027333
0.823529     -0.025717
0.852941     -0.023887
0.882353     -0.023235
0.911765     -0.022774
0.941176     -0.020557
