Airfoil_rR0.225806.txt
1.000000     0.000000
0.986301     0.029980
0.972603     0.043689
0.958904     0.059550
0.945205     0.076460
0.931507     0.086817
0.917808     0.098996
0.904110     0.109708
0.890411     0.114477
0.876712     0.121647
0.863014     0.144923
0.849315     0.145932
0.835616     0.146942
0.821918     0.148424
0.808219     0.155474
0.794521     0.162623
0.780822     0.168007
0.767123     0.174507
0.753425     0.181007
0.739726     0.188740
0.726027     0.191933
0.712329     0.199885
0.698630     0.205776
0.684932     0.208936
0.671233     0.213706
0.657534     0.219461
0.643836     0.222562
0.630137     0.226633
0.616438     0.230418
0.602740     0.233280
0.589041     0.235442
0.575342     0.238775
0.561644     0.240897
0.547945     0.243129
0.534247     0.244791
0.520548     0.246468
0.506849     0.248103
0.493151     0.249318
0.479452     0.250306
0.465753     0.250559
0.452055     0.250681
0.438356     0.250939
0.424658     0.251373
0.410959     0.015003
0.397260     0.251389
0.383562     0.251032
0.369863     0.250214
0.356164     0.248885
0.342466     0.247558
0.328767     0.246225
0.315068     0.244326
0.301370     0.242341
0.287671     0.240041
0.273973     0.237290
0.260274     0.234528
0.246575     0.231189
0.232877     0.227471
0.219178     0.223753
0.205479     0.219790
0.191781     0.213683
0.178082     0.207407
0.164384     0.201163
0.150685     0.194919
0.136986     0.188675
0.123288     0.182431
0.109589     0.176186
0.095890     0.165407
0.082192     0.154210
0.068493     0.142650
0.054795     0.131090
0.041096     0.119530
0.027397     0.104577
0.013699     0.080156
0.013699     -0.025158
0.027397     -0.044327
0.041096     -0.056700
0.054795     -0.068616
0.068493     -0.080533
0.082192     -0.092450
0.095890     -0.103921
0.109589     -0.114508
0.123288     -0.122735
0.136986     -0.129156
0.150685     -0.135169
0.164384     -0.140575
0.178082     -0.145519
0.191781     -0.149788
0.205479     -0.153605
0.219178     -0.157070
0.232877     -0.160441
0.246575     -0.163987
0.260274     -0.168350
0.273973     -0.172154
0.287671     -0.173722
0.301370     -0.173797
0.315068     -0.174580
0.328767     -0.175874
0.342466     -0.177119
0.356164     -0.178380
0.369863     -0.179619
0.383562     -0.180881
0.397260     -0.182129
0.410959     -0.183380
0.424658     -0.184588
0.438356     -0.185446
0.452055     -0.186185
0.465753     -0.187998
0.479452     -0.190024
0.493151     -0.191270
0.506849     -0.190625
0.520548     -0.191488
0.534247     -0.190072
0.547945     -0.190413
0.561644     -0.191427
0.575342     -0.192441
0.589041     -0.193455
0.602740     -0.194469
0.616438     -0.194228
0.630137     -0.193313
0.643836     -0.192530
0.657534     -0.191747
0.671233     -0.190773
0.684932     -0.188830
0.698630     -0.186862
0.712329     -0.185232
0.726027     -0.183409
0.739726     -0.181370
0.753425     -0.179331
0.767123     -0.177292
0.780822     -0.175253
0.794521     -0.173214
0.808219     -0.170948
0.821918     -0.168458
0.835616     -0.165916
0.849315     -0.163281
0.863014     -0.160647
0.876712     -0.158013
0.890411     -0.155378
0.904110     -0.151320
0.917808     -0.142998
0.931507     -0.130554
0.945205     -0.118110
0.958904     -0.105665
0.972603     -0.093221
