Airfoil_rR0.825000.txt
1.000000     0.000000
0.974359     0.020719
0.948718     0.028908
0.923077     0.036048
0.897436     0.042529
0.871795     0.048498
0.846154     0.054112
0.820513     0.059523
0.794872     0.064568
0.769231     0.069341
0.743590     0.073803
0.717949     0.077979
0.692308     0.081996
0.666667     0.085710
0.641026     0.089238
0.615385     0.092617
0.589744     0.095737
0.564103     0.098683
0.538462     0.101310
0.512821     0.103679
0.487179     0.105704
0.461538     0.107394
0.435897     0.108721
0.410256     0.109690
0.384615     0.110210
0.358974     0.110399
0.333333     0.110157
0.307692     0.109455
0.282051     0.108313
0.256410     0.106514
0.230769     0.104045
0.205128     0.100899
0.179487     0.097019
0.153846     0.092316
0.128205     0.085810
0.102564     0.078472
0.076923     0.071033
0.051282     0.056301
0.025641     0.040937
0.000000     -0.005321
0.025641     -0.033933
0.051282     -0.039458
0.076923     -0.042619
0.102564     -0.044651
0.128205     -0.045842
0.153846     -0.045895
0.179487     -0.045935
0.205128     -0.045975
0.230769     -0.045441
0.256410     -0.044888
0.282051     -0.044300
0.307692     -0.043640
0.333333     -0.042823
0.358974     -0.041938
0.384615     -0.041054
0.410256     -0.040205
0.435897     -0.039213
0.461538     -0.038056
0.487179     -0.036899
0.512821     -0.035747
0.538462     -0.034637
0.564103     -0.033580
0.589744     -0.032497
0.615385     -0.031354
0.641026     -0.030178
0.666667     -0.029081
0.692308     -0.028122
0.717949     -0.027254
0.743590     -0.026399
0.769231     -0.025544
0.794872     -0.024609
0.820513     -0.023282
0.846154     -0.021967
0.871795     -0.020652
0.897436     -0.018661
0.923077     -0.017147
0.948718     -0.015821
