Airfoil_rR0.400000.txt
1.000000     0.000000
0.966667     0.018681
0.933333     0.032861
0.900000     0.045727
0.866667     0.057608
0.833333     0.068725
0.800000     0.078980
0.766667     0.088636
0.733333     0.097572
0.700000     0.105925
0.666667     0.113662
0.633333     0.120929
0.600000     0.127622
0.566667     0.133792
0.533333     0.139441
0.500000     0.144381
0.466667     0.148550
0.433333     0.151818
0.400000     0.154167
0.366667     0.155284
0.333333     0.155319
0.300000     0.153945
0.266667     0.151147
0.233333     0.146905
0.200000     0.141092
0.166667     0.133375
0.133333     0.123158
0.100000     0.110423
0.066667     0.095716
0.033333     0.074157
0.033333     -0.030982
0.066667     -0.040226
0.100000     -0.042906
0.133333     -0.044813
0.166667     -0.044700
0.200000     -0.044283
0.233333     -0.043875
0.266667     -0.043395
0.300000     -0.043117
0.333333     -0.042840
0.366667     -0.042562
0.400000     -0.042284
0.433333     -0.041559
0.466667     -0.040176
0.500000     -0.038370
0.533333     -0.036292
0.566667     -0.036034
0.600000     -0.035776
0.633333     -0.035680
0.666667     -0.035463
0.700000     -0.035232
0.733333     -0.033170
0.766667     -0.031107
0.800000     -0.029045
0.833333     -0.026971
0.866667     -0.024895
0.900000     -0.022818
0.933333     -0.020742
