Airfoil_rR0.275000.txt
1.000000     0.000000
0.982143     0.023670
0.964286     0.037045
0.946429     0.048254
0.928571     0.058767
0.910714     0.068462
0.892857     0.077031
0.875000     0.085296
0.857143     0.093518
0.839286     0.101066
0.821429     0.108041
0.803571     0.114966
0.785714     0.121701
0.767857     0.128334
0.750000     0.134672
0.732143     0.140736
0.714286     0.146518
0.696429     0.152089
0.678571     0.157261
0.660714     0.162218
0.642857     0.166919
0.625000     0.171366
0.607143     0.175594
0.589286     0.179549
0.571429     0.183164
0.553571     0.186478
0.535714     0.189439
0.517857     0.192087
0.500000     0.194426
0.482143     0.196636
0.464286     0.198307
0.446429     0.199566
0.428571     0.200424
0.410714     0.201022
0.392857     0.201355
0.375000     0.201387
0.357143     0.201088
0.339286     0.200353
0.321429     0.199239
0.303571     0.197823
0.285714     0.196000
0.267857     0.193558
0.250000     0.190825
0.232143     0.187404
0.214286     0.183630
0.196429     0.179202
0.178571     0.174506
0.160714     0.169371
0.142857     0.163547
0.125000     0.154949
0.107143     0.146053
0.089286     0.137129
0.071429     0.128204
0.053571     0.114062
0.035714     0.096634
0.017857     0.076784
0.017857     -0.022130
0.035714     -0.038508
0.053571     -0.050313
0.071429     -0.060121
0.089286     -0.065857
0.107143     -0.070765
0.125000     -0.074283
0.142857     -0.077745
0.160714     -0.081331
0.178571     -0.083439
0.196429     -0.087815
0.214286     -0.087979
0.232143     -0.088688
0.250000     -0.086595
0.267857     -0.087855
0.285714     -0.089348
0.303571     -0.089504
0.321429     -0.089846
0.339286     -0.089041
0.357143     -0.087780
0.375000     -0.085348
0.392857     -0.082917
0.410714     -0.083414
0.428571     -0.084063
0.446429     -0.083394
0.464286     -0.082298
0.482143     -0.079149
0.500000     -0.076900
0.517857     -0.076393
0.535714     -0.075886
0.553571     -0.075379
0.571429     -0.074872
0.589286     -0.074365
0.607143     -0.073858
0.625000     -0.074027
0.642857     -0.074275
0.660714     -0.074523
0.678571     -0.074771
0.696429     -0.075019
0.714286     -0.075266
0.732143     -0.075514
0.750000     -0.075762
0.767857     -0.076010
0.785714     -0.076258
0.803571     -0.074208
0.821429     -0.071338
0.839286     -0.068839
0.857143     -0.065900
0.875000     -0.062405
0.892857     -0.058867
0.910714     -0.054959
0.928571     -0.051052
0.946429     -0.047199
0.964286     -0.041999
