Airfoil_rR0.525000.txt
1.000000     0.000000
0.972222     0.016591
0.944444     0.027281
0.916667     0.036778
0.888889     0.045545
0.861111     0.053780
0.833333     0.061555
0.805556     0.068822
0.777778     0.075529
0.750000     0.081888
0.722222     0.088001
0.694444     0.093968
0.666667     0.099636
0.638889     0.104962
0.611111     0.110063
0.583333     0.114292
0.555556     0.118344
0.527778     0.122126
0.500000     0.125425
0.472222     0.128277
0.444444     0.130571
0.416667     0.132409
0.388889     0.133710
0.361111     0.134321
0.333333     0.134253
0.305556     0.133409
0.277778     0.131724
0.250000     0.129315
0.222222     0.125934
0.194444     0.121643
0.166667     0.116099
0.138889     0.108995
0.111111     0.100827
0.083333     0.090461
0.055556     0.079922
0.027778     0.059079
0.000000     -0.000419
0.027778     -0.028858
0.055556     -0.039143
0.083333     -0.043590
0.111111     -0.045910
0.138889     -0.046706
0.166667     -0.046821
0.194444     -0.046363
0.222222     -0.045466
0.250000     -0.044492
0.277778     -0.043424
0.305556     -0.042465
0.333333     -0.041995
0.361111     -0.042087
0.388889     -0.042052
0.416667     -0.040409
0.444444     -0.038886
0.472222     -0.037460
0.500000     -0.036023
0.527778     -0.034587
0.555556     -0.033150
0.583333     -0.031713
0.611111     -0.030276
0.638889     -0.028840
0.666667     -0.027657
0.694444     -0.027391
0.722222     -0.027162
0.750000     -0.026934
0.777778     -0.025989
0.805556     -0.024749
0.833333     -0.023509
0.861111     -0.022269
0.888889     -0.021029
0.916667     -0.019789
0.944444     -0.018549
