Airfoil_rR0.750000.txt
1.000000     0.000000
0.973684     0.012069
0.947368     0.021040
0.921053     0.029074
0.894737     0.036324
0.868421     0.043060
0.842105     0.049431
0.815789     0.055356
0.789474     0.060927
0.763158     0.066168
0.736842     0.071166
0.710526     0.075787
0.684211     0.080234
0.657895     0.084423
0.631579     0.088370
0.605263     0.092110
0.578947     0.095588
0.552632     0.098857
0.526316     0.101890
0.500000     0.104535
0.473684     0.106930
0.447368     0.108897
0.421053     0.110460
0.394737     0.111570
0.368421     0.112248
0.342105     0.112442
0.315789     0.112061
0.289474     0.111118
0.263158     0.109688
0.236842     0.107582
0.210526     0.104635
0.184211     0.100796
0.157895     0.095881
0.131579     0.089512
0.105263     0.082066
0.078947     0.074606
0.052632     0.058848
0.026316     0.042854
0.000000     -0.001246
0.026316     -0.032718
0.052632     -0.040458
0.078947     -0.043543
0.105263     -0.045202
0.131579     -0.046517
0.157895     -0.047273
0.184211     -0.046922
0.210526     -0.046646
0.236842     -0.046371
0.263158     -0.045988
0.289474     -0.045471
0.315789     -0.044971
0.342105     -0.044359
0.368421     -0.043710
0.394737     -0.043032
0.421053     -0.042355
0.447368     -0.041690
0.473684     -0.041171
0.500000     -0.040772
0.526316     -0.040373
0.552632     -0.039357
0.578947     -0.038444
0.605263     -0.037468
0.631579     -0.036492
0.657895     -0.035517
0.684211     -0.034541
0.710526     -0.033565
0.736842     -0.032667
0.763158     -0.032036
0.789474     -0.031075
0.815789     -0.030039
0.842105     -0.029003
0.868421     -0.028000
0.894737     -0.027190
0.921053     -0.026381
0.947368     -0.025008
