Airfoil_rR0.483871.txt
1.000000     0.000000
0.970588     0.017796
0.941176     0.029817
0.911765     0.040594
0.882353     0.050620
0.852941     0.059819
0.823529     0.068494
0.794118     0.076612
0.764706     0.084226
0.735294     0.091468
0.705882     0.098317
0.676471     0.104842
0.647059     0.111073
0.617647     0.116878
0.588235     0.122317
0.558824     0.127235
0.529412     0.131670
0.500000     0.135603
0.470588     0.138965
0.441176     0.141643
0.411765     0.143695
0.382353     0.145011
0.352941     0.145525
0.323529     0.145059
0.294118     0.143603
0.264706     0.141130
0.235294     0.137565
0.205882     0.132900
0.176471     0.126907
0.147059     0.119726
0.117647     0.111282
0.088235     0.099392
0.058824     0.087439
0.029412     0.064800
0.029412     -0.028422
0.058824     -0.039518
0.088235     -0.042945
0.117647     -0.044744
0.147059     -0.045689
0.176471     -0.046306
0.205882     -0.046642
0.235294     -0.045738
0.264706     -0.044471
0.294118     -0.043290
0.323529     -0.042813
0.352941     -0.042336
0.382353     -0.041859
0.411765     -0.041231
0.441176     -0.040061
0.470588     -0.039924
0.500000     -0.039788
0.529412     -0.039652
0.558824     -0.039480
0.588235     -0.037368
0.617647     -0.035538
0.647059     -0.033718
0.676471     -0.032513
0.705882     -0.031704
0.735294     -0.030894
0.764706     -0.029655
0.794118     -0.028155
0.823529     -0.026654
0.852941     -0.025154
0.882353     -0.023653
0.911765     -0.022039
0.941176     -0.020401
