Airfoil_rR0.350000.txt
1.000000     0.000000
0.970588     0.014174
0.941176     0.028199
0.911765     0.040857
0.882353     0.052684
0.852941     0.063934
0.823529     0.074562
0.794118     0.084604
0.764706     0.094195
0.735294     0.103252
0.705882     0.111783
0.676471     0.119744
0.647059     0.127184
0.617647     0.134055
0.588235     0.140364
0.558824     0.146228
0.529412     0.151440
0.500000     0.156133
0.470588     0.160103
0.441176     0.163387
0.411765     0.165843
0.382353     0.167360
0.352941     0.167879
0.323529     0.167402
0.294118     0.165893
0.264706     0.163561
0.235294     0.159826
0.205882     0.154450
0.176471     0.147893
0.147059     0.139910
0.117647     0.129308
0.088235     0.114978
0.058824     0.100564
0.029412     0.076046
0.029412     -0.030132
0.058824     -0.043582
0.088235     -0.049028
0.117647     -0.051765
0.147059     -0.053070
0.176471     -0.053055
0.205882     -0.052472
0.235294     -0.051407
0.264706     -0.050194
0.294118     -0.047790
0.323529     -0.046702
0.352941     -0.045791
0.382353     -0.044880
0.411765     -0.043969
0.441176     -0.043058
0.470588     -0.042147
0.500000     -0.041237
0.529412     -0.040326
0.558824     -0.039415
0.588235     -0.038504
0.617647     -0.037593
0.647059     -0.036682
0.676471     -0.035771
0.705882     -0.034861
0.735294     -0.033999
0.764706     -0.033154
0.794118     -0.032310
0.823529     -0.031465
0.852941     -0.030620
0.882353     -0.029743
0.911765     -0.028477
0.941176     -0.027211
