Airfoil_rR0.509677.txt
1.000000     0.000000
0.974359     0.015430
0.948718     0.025938
0.923077     0.035376
0.897436     0.043959
0.871795     0.052145
0.846154     0.059793
0.820513     0.066945
0.794872     0.073715
0.769231     0.080161
0.743590     0.086334
0.717949     0.092280
0.692308     0.098075
0.666667     0.103652
0.641026     0.108893
0.615385     0.113461
0.589744     0.117980
0.564103     0.122173
0.538462     0.126091
0.512821     0.129552
0.487179     0.132616
0.461538     0.135270
0.435897     0.137380
0.410256     0.139047
0.384615     0.140203
0.358974     0.140776
0.333333     0.140673
0.307692     0.139826
0.282051     0.138245
0.256410     0.135963
0.230769     0.132809
0.205128     0.128779
0.179487     0.123798
0.153846     0.117908
0.128205     0.110515
0.102564     0.101753
0.076923     0.091452
0.051282     0.081151
0.025641     0.060464
0.025641     -0.024296
0.051282     -0.038609
0.076923     -0.042588
0.102564     -0.045016
0.128205     -0.046545
0.153846     -0.047661
0.179487     -0.047642
0.205128     -0.047153
0.230769     -0.046324
0.256410     -0.045261
0.282051     -0.043973
0.307692     -0.042572
0.333333     -0.041115
0.358974     -0.040350
0.384615     -0.040018
0.410256     -0.039685
0.435897     -0.039353
0.461538     -0.039020
0.487179     -0.038687
0.512821     -0.038248
0.538462     -0.037314
0.564103     -0.036367
0.589744     -0.035314
0.615385     -0.034260
0.641026     -0.033207
0.666667     -0.032939
0.692308     -0.032488
0.717949     -0.032036
0.743590     -0.031585
0.769231     -0.031133
0.794872     -0.030682
0.820513     -0.029710
0.846154     -0.027845
0.871795     -0.026024
0.897436     -0.024203
0.923077     -0.022382
0.948718     -0.020562
