Airfoil_rR0.675000.txt
1.000000     0.000000
0.977778     0.009851
0.955556     0.018298
0.933333     0.026225
0.911111     0.033767
0.888889     0.040083
0.866667     0.046330
0.844444     0.052354
0.822222     0.057709
0.800000     0.063069
0.777778     0.068205
0.755556     0.073130
0.733333     0.077845
0.711111     0.082429
0.688889     0.086852
0.666667     0.091016
0.644444     0.094978
0.622222     0.098734
0.600000     0.102312
0.577778     0.105660
0.555556     0.108801
0.533333     0.111787
0.511111     0.114450
0.488889     0.116878
0.466667     0.119052
0.444444     0.120882
0.422222     0.122493
0.400000     0.123779
0.377778     0.124708
0.355556     0.125320
0.333333     0.125484
0.311111     0.125214
0.288889     0.124595
0.266667     0.123524
0.244444     0.121891
0.222222     0.119711
0.200000     0.116859
0.177778     0.113482
0.155556     0.109084
0.133333     0.103843
0.111111     0.097075
0.088889     0.090304
0.066667     0.083126
0.044444     0.070491
0.022222     0.053142
0.022222     -0.020664
0.044444     -0.029806
0.066667     -0.035603
0.088889     -0.038605
0.111111     -0.039611
0.133333     -0.040334
0.155556     -0.040584
0.177778     -0.040750
0.200000     -0.040317
0.222222     -0.039827
0.244444     -0.039431
0.266667     -0.039034
0.288889     -0.038638
0.311111     -0.038181
0.333333     -0.037665
0.355556     -0.037120
0.377778     -0.036489
0.400000     -0.036031
0.422222     -0.035611
0.444444     -0.035191
0.466667     -0.034771
0.488889     -0.034351
0.511111     -0.033936
0.533333     -0.033518
0.555556     -0.033070
0.577778     -0.032621
0.600000     -0.032172
0.622222     -0.031502
0.644444     -0.030894
0.666667     -0.030329
0.688889     -0.029861
0.711111     -0.029404
0.733333     -0.028947
0.755556     -0.028463
0.777778     -0.028010
0.800000     -0.027689
0.822222     -0.027359
0.844444     -0.027023
0.866667     -0.026473
0.888889     -0.025938
0.911111     -0.025945
0.933333     -0.025933
0.955556     -0.024536
