Airfoil_rR0.638710.txt
1.000000     0.000000
0.975610     0.015014
0.951219     0.024120
0.926829     0.032774
0.902439     0.039909
0.878049     0.047012
0.853658     0.053967
0.829268     0.059854
0.804878     0.065383
0.780488     0.070920
0.756098     0.076320
0.731707     0.081326
0.707317     0.086122
0.682927     0.090825
0.658537     0.095160
0.634146     0.099225
0.609756     0.103037
0.585366     0.106580
0.560976     0.109887
0.536585     0.112915
0.512195     0.115720
0.487805     0.118160
0.463415     0.120317
0.439024     0.122065
0.414634     0.123477
0.390244     0.124437
0.365854     0.125031
0.341463     0.125191
0.317073     0.124717
0.292683     0.123790
0.268293     0.122393
0.243902     0.120263
0.219512     0.117464
0.195122     0.114009
0.170732     0.109837
0.146341     0.104263
0.121951     0.097735
0.097561     0.090159
0.073171     0.081829
0.048780     0.070847
0.024390     0.051176
0.024390     -0.030073
0.048780     -0.039712
0.073171     -0.042728
0.097561     -0.044233
0.121951     -0.045437
0.146341     -0.046126
0.170732     -0.045991
0.195122     -0.045073
0.219512     -0.043963
0.243902     -0.042854
0.268293     -0.041746
0.292683     -0.040749
0.317073     -0.039757
0.341463     -0.038768
0.365854     -0.037788
0.390244     -0.036808
0.414634     -0.035923
0.439024     -0.035460
0.463415     -0.034998
0.487805     -0.034041
0.512195     -0.032761
0.536585     -0.031510
0.560976     -0.030425
0.585366     -0.029359
0.609756     -0.028389
0.634146     -0.027684
0.658537     -0.027070
0.682927     -0.026455
0.707317     -0.025840
0.731707     -0.025226
0.756098     -0.024906
0.780488     -0.024658
0.804878     -0.023915
0.829268     -0.022363
0.853658     -0.020811
0.878049     -0.019398
0.902439     -0.018855
0.926829     -0.018313
0.951219     -0.017593
