Airfoil_rR0.550000.txt
1.000000     0.000000
0.971429     0.017794
0.942857     0.029006
0.914286     0.038982
0.885714     0.048155
0.857143     0.056808
0.828571     0.064759
0.800000     0.072268
0.771429     0.079273
0.742857     0.086140
0.714286     0.092705
0.685714     0.098768
0.657143     0.104458
0.628571     0.109997
0.600000     0.115098
0.571429     0.119765
0.542857     0.124080
0.514286     0.127882
0.485714     0.131207
0.457143     0.133951
0.428571     0.136114
0.400000     0.137814
0.371429     0.138716
0.342857     0.138895
0.314286     0.138279
0.285714     0.136700
0.257143     0.134328
0.228571     0.130988
0.200000     0.126553
0.171429     0.120788
0.142857     0.113559
0.114286     0.105147
0.085714     0.094098
0.057143     0.083049
0.028571     0.062265
0.028571     -0.026282
0.057143     -0.039022
0.085714     -0.043115
0.114286     -0.045006
0.142857     -0.046306
0.171429     -0.046174
0.200000     -0.045510
0.228571     -0.044641
0.257143     -0.043564
0.285714     -0.042370
0.314286     -0.041149
0.342857     -0.039924
0.371429     -0.038936
0.400000     -0.038660
0.428571     -0.038384
0.457143     -0.038108
0.485714     -0.037832
0.514286     -0.037556
0.542857     -0.037280
0.571429     -0.037003
0.600000     -0.036727
0.628571     -0.036451
0.657143     -0.035742
0.685714     -0.033775
0.714286     -0.031974
0.742857     -0.030173
0.771429     -0.028355
0.800000     -0.026505
0.828571     -0.024655
0.857143     -0.023656
0.885714     -0.021887
0.914286     -0.020119
0.942857     -0.018351
