Airfoil_rR0.458065.txt
1.000000     0.000000
0.973684     0.015948
0.947368     0.027244
0.921053     0.037386
0.894737     0.047003
0.868421     0.055891
0.842105     0.064246
0.815789     0.072135
0.789474     0.079643
0.763158     0.086714
0.736842     0.093416
0.710526     0.099768
0.684211     0.105828
0.657895     0.111640
0.631579     0.117081
0.605263     0.122274
0.578947     0.127048
0.552632     0.131595
0.526316     0.135636
0.500000     0.139334
0.473684     0.142488
0.447368     0.145144
0.421053     0.147296
0.394737     0.148747
0.368421     0.149579
0.342105     0.149672
0.315789     0.148999
0.289474     0.147517
0.263158     0.145153
0.236842     0.141786
0.210526     0.137571
0.184211     0.132359
0.157895     0.126156
0.131579     0.118377
0.105263     0.109053
0.078947     0.098056
0.052632     0.087058
0.026316     0.064104
0.026316     -0.027701
0.052632     -0.037793
0.078947     -0.041596
0.105263     -0.043003
0.131579     -0.044008
0.157895     -0.044807
0.184211     -0.045016
0.210526     -0.045140
0.236842     -0.044387
0.263158     -0.042794
0.289474     -0.042104
0.315789     -0.042361
0.342105     -0.042616
0.368421     -0.042871
0.394737     -0.043125
0.421053     -0.043380
0.447368     -0.042314
0.473684     -0.041116
0.500000     -0.039913
0.526316     -0.038728
0.552632     -0.037678
0.578947     -0.036627
0.605263     -0.035577
0.631579     -0.034526
0.657895     -0.033606
0.684211     -0.032829
0.710526     -0.032053
0.736842     -0.031277
0.763158     -0.030400
0.789474     -0.029860
0.815789     -0.029389
0.842105     -0.028170
0.868421     -0.026187
0.894737     -0.024208
0.921053     -0.022229
0.947368     -0.020250
