Airfoil_rR0.561290.txt
1.000000     0.000000
0.971429     0.016700
0.942857     0.027601
0.914286     0.037185
0.885714     0.046118
0.857143     0.054524
0.828571     0.062367
0.800000     0.069252
0.771429     0.076006
0.742857     0.082597
0.714286     0.088918
0.685714     0.094880
0.657143     0.100528
0.628571     0.106047
0.600000     0.110394
0.571429     0.114723
0.542857     0.118791
0.514286     0.122368
0.485714     0.125491
0.457143     0.128052
0.428571     0.130146
0.400000     0.131704
0.371429     0.132568
0.342857     0.132758
0.314286     0.132238
0.285714     0.130837
0.257143     0.128691
0.228571     0.125505
0.200000     0.121376
0.171429     0.115889
0.142857     0.108982
0.114286     0.100864
0.085714     0.090209
0.057143     0.079590
0.028571     0.059490
0.028571     -0.029627
0.057143     -0.039520
0.085714     -0.044003
0.114286     -0.045726
0.142857     -0.046743
0.171429     -0.046833
0.200000     -0.046075
0.228571     -0.045317
0.257143     -0.044428
0.285714     -0.043493
0.314286     -0.041997
0.342857     -0.040476
0.371429     -0.039085
0.400000     -0.037778
0.428571     -0.036471
0.457143     -0.035163
0.485714     -0.033856
0.514286     -0.032549
0.542857     -0.031115
0.571429     -0.029576
0.600000     -0.029188
0.628571     -0.029115
0.657143     -0.029043
0.685714     -0.028294
0.714286     -0.027181
0.742857     -0.026069
0.771429     -0.024956
0.800000     -0.023843
0.828571     -0.022731
0.857143     -0.021648
0.885714     -0.020691
0.914286     -0.019680
0.942857     -0.018587
