Airfoil_rR0.850000.txt
1.000000     0.000000
0.970588     0.022730
0.941176     0.031599
0.911765     0.039449
0.882353     0.046482
0.852941     0.053140
0.823529     0.059383
0.794118     0.065354
0.764706     0.070793
0.735294     0.075955
0.705882     0.080789
0.676471     0.085365
0.647059     0.089640
0.617647     0.093653
0.588235     0.097317
0.558824     0.100590
0.529412     0.103468
0.500000     0.105949
0.470588     0.108054
0.441176     0.109667
0.411765     0.110887
0.382353     0.111573
0.352941     0.111795
0.323529     0.111529
0.294118     0.110518
0.264706     0.108851
0.235294     0.106512
0.205882     0.103369
0.176471     0.099293
0.147059     0.094341
0.117647     0.086455
0.088235     0.078353
0.058824     0.067245
0.029412     0.050419
0.000000     -0.000874
0.029412     -0.026126
0.058824     -0.031989
0.088235     -0.035540
0.117647     -0.037224
0.147059     -0.037673
0.176471     -0.038051
0.205882     -0.038430
0.235294     -0.038738
0.264706     -0.038853
0.294118     -0.038744
0.323529     -0.038228
0.352941     -0.037510
0.382353     -0.036792
0.411765     -0.036074
0.441176     -0.035356
0.470588     -0.034667
0.500000     -0.033868
0.529412     -0.032790
0.558824     -0.031713
0.588235     -0.030636
0.617647     -0.029658
0.647059     -0.028575
0.676471     -0.027588
0.705882     -0.026602
0.735294     -0.025559
0.764706     -0.024265
0.794118     -0.022972
0.823529     -0.021676
0.852941     -0.020469
0.882353     -0.019271
0.911765     -0.018062
0.941176     -0.016262
