Airfoil_rR0.432258.txt
1.000000     0.000000
0.970588     0.017476
0.941176     0.030466
0.911765     0.042300
0.882353     0.053384
0.852941     0.063693
0.823529     0.073510
0.794118     0.082624
0.764706     0.091327
0.735294     0.099484
0.705882     0.107149
0.676471     0.114327
0.647059     0.121032
0.617647     0.127333
0.588235     0.133180
0.558824     0.138542
0.529412     0.143514
0.500000     0.147924
0.470588     0.151739
0.441176     0.154873
0.411765     0.157174
0.382353     0.158678
0.352941     0.159235
0.323529     0.158800
0.294118     0.157259
0.264706     0.154644
0.235294     0.150913
0.205882     0.145742
0.176471     0.139256
0.147059     0.131129
0.117647     0.121318
0.088235     0.107763
0.058824     0.094199
0.029412     0.071235
0.029412     -0.029724
0.058824     -0.040013
0.088235     -0.043385
0.117647     -0.044761
0.147059     -0.045352
0.176471     -0.045548
0.205882     -0.045148
0.235294     -0.043816
0.264706     -0.042615
0.294118     -0.041876
0.323529     -0.041321
0.352941     -0.040766
0.382353     -0.040210
0.411765     -0.039655
0.441176     -0.039100
0.470588     -0.038544
0.500000     -0.037989
0.529412     -0.037434
0.558824     -0.036879
0.588235     -0.036323
0.617647     -0.035768
0.647059     -0.034588
0.676471     -0.033057
0.705882     -0.031525
0.735294     -0.029993
0.764706     -0.028346
0.794118     -0.026942
0.823529     -0.026509
0.852941     -0.026153
0.882353     -0.024486
0.911765     -0.022355
0.941176     -0.020223
