Airfoil_rR0.406452.txt
1.000000     0.000000
0.970588     0.017128
0.941176     0.029830
0.911765     0.041368
0.882353     0.052120
0.852941     0.062152
0.823529     0.071577
0.794118     0.080404
0.764706     0.088713
0.735294     0.096565
0.705882     0.103870
0.676471     0.110741
0.647059     0.117265
0.617647     0.123358
0.588235     0.129012
0.558824     0.134341
0.529412     0.139116
0.500000     0.143402
0.470588     0.147085
0.441176     0.150085
0.411765     0.152331
0.382353     0.153766
0.352941     0.154337
0.323529     0.153881
0.294118     0.152440
0.264706     0.149827
0.235294     0.146074
0.205882     0.141066
0.176471     0.134645
0.147059     0.126554
0.117647     0.117257
0.088235     0.104591
0.058824     0.091728
0.029412     0.069162
0.029412     -0.029166
0.058824     -0.038744
0.088235     -0.042230
0.117647     -0.043985
0.147059     -0.044779
0.176471     -0.044719
0.205882     -0.044432
0.235294     -0.044018
0.264706     -0.043782
0.294118     -0.043631
0.323529     -0.043481
0.352941     -0.043133
0.382353     -0.042007
0.411765     -0.040243
0.441176     -0.038380
0.470588     -0.038077
0.500000     -0.037944
0.529412     -0.037811
0.558824     -0.037740
0.588235     -0.037707
0.617647     -0.037601
0.647059     -0.037309
0.676471     -0.035584
0.705882     -0.033860
0.735294     -0.032135
0.764706     -0.030398
0.794118     -0.028661
0.823529     -0.026924
0.852941     -0.025187
0.882353     -0.023451
0.911765     -0.021864
0.941176     -0.020298
