Airfoil_rR0.450000.txt
1.000000     0.000000
0.972222     0.016779
0.944444     0.028236
0.916667     0.038771
0.888889     0.048383
0.861111     0.057428
0.833333     0.065830
0.805556     0.073775
0.777778     0.081290
0.750000     0.088348
0.722222     0.095114
0.694444     0.101507
0.666667     0.107615
0.638889     0.113461
0.611111     0.118858
0.583333     0.123870
0.555556     0.128570
0.527778     0.132823
0.500000     0.136624
0.472222     0.139826
0.444444     0.142484
0.416667     0.144551
0.388889     0.145899
0.361111     0.146618
0.333333     0.146519
0.305556     0.145493
0.277778     0.143506
0.250000     0.140606
0.222222     0.136711
0.194444     0.131904
0.166667     0.125658
0.138889     0.118390
0.111111     0.109773
0.083333     0.098357
0.055556     0.086942
0.027778     0.063392
0.027778     -0.028259
0.055556     -0.038957
0.083333     -0.042096
0.111111     -0.044027
0.138889     -0.045477
0.166667     -0.045362
0.194444     -0.045823
0.222222     -0.046204
0.250000     -0.045039
0.277778     -0.044086
0.305556     -0.043516
0.333333     -0.042945
0.361111     -0.042375
0.388889     -0.041805
0.416667     -0.041235
0.444444     -0.040664
0.472222     -0.040094
0.500000     -0.039524
0.527778     -0.038722
0.555556     -0.037873
0.583333     -0.037624
0.611111     -0.037376
0.638889     -0.037127
0.666667     -0.035538
0.694444     -0.033654
0.722222     -0.031815
0.750000     -0.029977
0.777778     -0.028624
0.805556     -0.027740
0.833333     -0.026587
0.861111     -0.025050
0.888889     -0.023512
0.916667     -0.021975
0.944444     -0.020438
