Airfoil_rR0.251613.txt
1.000000     0.000000
0.983333     0.024985
0.966667     0.040788
0.950000     0.054161
0.933333     0.066375
0.916667     0.079701
0.900000     0.088841
0.883333     0.097720
0.866667     0.104029
0.850000     0.112068
0.833333     0.119704
0.816667     0.126809
0.800000     0.133672
0.783333     0.140473
0.766667     0.146728
0.750000     0.152976
0.733333     0.159093
0.716667     0.164819
0.700000     0.170200
0.683333     0.175333
0.666667     0.180247
0.650000     0.186331
0.633333     0.190600
0.616667     0.194658
0.600000     0.198454
0.583333     0.201957
0.566667     0.205126
0.550000     0.207926
0.533333     0.210233
0.516667     0.211928
0.500000     0.214119
0.483333     0.215582
0.466667     0.216557
0.450000     0.217508
0.433333     0.218218
0.416667     0.218263
0.400000     0.217992
0.383333     0.217684
0.366667     0.217146
0.350000     0.216246
0.333333     0.215115
0.316667     0.213443
0.300000     0.211447
0.283333     0.209049
0.266667     0.206154
0.250000     0.202932
0.233333     0.199101
0.216667     0.195012
0.200000     0.190268
0.183333     0.184917
0.166667     0.179482
0.150000     0.171921
0.133333     0.163742
0.116667     0.155409
0.100000     0.147075
0.083333     0.138742
0.066667     0.123760
0.050000     0.108179
0.033333     0.092597
0.016667     0.075503
0.016667     -0.030830
0.033333     -0.049071
0.050000     -0.063618
0.066667     -0.073675
0.083333     -0.082368
0.100000     -0.088385
0.116667     -0.094717
0.133333     -0.100520
0.150000     -0.104674
0.166667     -0.106955
0.183333     -0.110249
0.200000     -0.114582
0.216667     -0.118649
0.233333     -0.121474
0.250000     -0.122479
0.266667     -0.122282
0.283333     -0.122947
0.300000     -0.123558
0.316667     -0.122797
0.333333     -0.124525
0.350000     -0.124740
0.366667     -0.125032
0.383333     -0.126589
0.400000     -0.126906
0.416667     -0.126260
0.433333     -0.124181
0.450000     -0.122753
0.466667     -0.123464
0.483333     -0.123091
0.500000     -0.122171
0.516667     -0.117079
0.533333     -0.116238
0.550000     -0.116574
0.566667     -0.116911
0.583333     -0.117247
0.600000     -0.117584
0.616667     -0.117920
0.633333     -0.118257
0.650000     -0.118593
0.666667     -0.118930
0.683333     -0.119266
0.700000     -0.119603
0.716667     -0.119468
0.733333     -0.116897
0.750000     -0.114704
0.766667     -0.112850
0.783333     -0.109984
0.800000     -0.106831
0.816667     -0.103307
0.833333     -0.099770
0.850000     -0.096680
0.866667     -0.093276
0.883333     -0.089855
0.900000     -0.085843
0.916667     -0.081699
0.933333     -0.074730
0.950000     -0.069805
0.966667     -0.065136
