Airfoil_rR0.900000.txt
1.000000     0.000000
0.972222     0.025136
0.944444     0.033237
0.916667     0.040418
0.888889     0.046862
0.861111     0.052892
0.833333     0.058623
0.805556     0.064016
0.777778     0.069029
0.750000     0.073792
0.722222     0.078214
0.694444     0.082322
0.666667     0.086227
0.638889     0.089805
0.611111     0.093105
0.583333     0.096048
0.555556     0.098730
0.527778     0.101081
0.500000     0.103054
0.472222     0.104729
0.444444     0.106036
0.416667     0.107066
0.388889     0.107577
0.361111     0.107735
0.333333     0.107442
0.305556     0.106694
0.277778     0.105332
0.250000     0.103383
0.222222     0.100711
0.194444     0.097316
0.166667     0.093031
0.138889     0.087951
0.111111     0.080430
0.083333     0.072909
0.055556     0.063355
0.027778     0.047576
0.027778     -0.028278
0.055556     -0.033091
0.083333     -0.036673
0.111111     -0.038937
0.138889     -0.040364
0.166667     -0.040561
0.194444     -0.040758
0.222222     -0.040529
0.250000     -0.040178
0.277778     -0.039826
0.305556     -0.039475
0.333333     -0.039226
0.361111     -0.038988
0.388889     -0.038244
0.416667     -0.037265
0.444444     -0.036286
0.472222     -0.035307
0.500000     -0.034412
0.527778     -0.033523
0.555556     -0.032684
0.583333     -0.031314
0.611111     -0.029921
0.638889     -0.028592
0.666667     -0.027384
0.694444     -0.026175
0.722222     -0.024967
0.750000     -0.023767
0.777778     -0.022723
0.805556     -0.021767
0.833333     -0.020811
0.861111     -0.019855
0.888889     -0.018899
0.916667     -0.017887
0.944444     -0.016335
