#  r/R     chord/R  Twist [deg] Sweep/R   airfoil 
0.250000  0.111098  16.843496  0.000000  Airfoil_rR0.250000.txt
0.275000  0.123299  17.239553  0.000000  Airfoil_rR0.275000.txt
0.300000  0.132524  17.090071  0.000000  Airfoil_rR0.300000.txt
0.325000  0.138452  17.003599  0.000000  Airfoil_rR0.325000.txt
0.350000  0.141362  16.774155  0.000000  Airfoil_rR0.350000.txt
0.375000  0.142550  16.463179  0.000000  Airfoil_rR0.375000.txt
0.400000  0.141387  15.027552  0.000000  Airfoil_rR0.400000.txt
0.425000  0.142224  15.795998  0.000000  Airfoil_rR0.425000.txt
0.450000  0.140432  13.567715  0.000000  Airfoil_rR0.450000.txt
0.475000  0.140035  13.314288  0.000000  Airfoil_rR0.475000.txt
0.500000  0.136399  12.786768  0.000000  Airfoil_rR0.500000.txt
0.525000  0.131532  11.288682  0.000000  Airfoil_rR0.525000.txt
0.550000  0.130026  11.031975  0.000000  Airfoil_rR0.550000.txt
0.575000  0.128948  10.512068  0.000000  Airfoil_rR0.575000.txt
0.600000  0.126226  9.894395  0.000000  Airfoil_rR0.600000.txt
0.625000  0.123290  8.663667  0.000000  Airfoil_rR0.625000.txt
0.650000  0.120204  8.367052  0.000000  Airfoil_rR0.650000.txt
0.675000  0.116835  6.879022  0.000000  Airfoil_rR0.675000.txt
0.700000  0.114016  6.792328  0.000000  Airfoil_rR0.700000.txt
0.725000  0.110975  6.238451  0.000000  Airfoil_rR0.725000.txt
0.750000  0.107776  5.664524  0.000000  Airfoil_rR0.750000.txt
0.775000  0.104631  5.504046  0.000000  Airfoil_rR0.775000.txt
0.800000  0.097954  4.238601  0.000000  Airfoil_rR0.800000.txt
0.825000  0.101375  3.891329  0.000000  Airfoil_rR0.825000.txt
0.850000  0.094700  3.768089  0.000000  Airfoil_rR0.850000.txt
0.875000  0.091309  3.419512  0.000000  Airfoil_rR0.875000.txt
0.900000  0.087866  3.123348  0.000000  Airfoil_rR0.900000.txt
0.925000  0.084609  2.674458  0.000000  Airfoil_rR0.925000.txt
0.950000  0.080488  2.890645  0.000000  Airfoil_rR0.950000.txt
0.975000  0.069288  2.532004  0.000000  Airfoil_rR0.975000.txt
