Airfoil_rR0.875000.txt
1.000000     0.000000
0.994924     0.001029
0.989848     0.002062
0.984772     0.003094
0.979695     0.004126
0.974619     0.005158
0.969543     0.006190
0.964467     0.007222
0.959391     0.008253
0.954315     0.009287
0.949239     0.010318
0.944162     0.011350
0.939086     0.012382
0.934010     0.013415
0.928934     0.014444
0.923858     0.015477
0.918782     0.016510
0.913706     0.017543
0.908629     0.018573
0.903553     0.019606
0.898477     0.020639
0.893401     0.021669
0.888325     0.022703
0.883249     0.023736
0.878173     0.024766
0.873096     0.025801
0.868020     0.026830
0.862944     0.027865
0.857868     0.028895
0.852792     0.029926
0.847716     0.030960
0.842640     0.031989
0.837563     0.033025
0.832487     0.034055
0.827411     0.035091
0.822335     0.036120
0.817259     0.037150
0.812183     0.038186
0.807107     0.039216
0.802030     0.040246
0.796954     0.041282
0.791878     0.042312
0.786802     0.043341
0.781726     0.044379
0.776650     0.045408
0.771574     0.046437
0.766497     0.047475
0.761421     0.048504
0.756345     0.049532
0.751269     0.050561
0.746193     0.051599
0.741117     0.052626
0.736041     0.053654
0.730964     0.054686
0.725888     0.055720
0.720812     0.056747
0.715736     0.057774
0.710660     0.058804
0.705584     0.059840
0.700508     0.060866
0.695431     0.061892
0.690355     0.062918
0.685279     0.063948
0.680203     0.064960
0.675127     0.065972
0.670051     0.066984
0.664975     0.067997
0.659898     0.068986
0.654822     0.069964
0.649746     0.070941
0.644670     0.071918
0.639594     0.072897
0.634518     0.073838
0.629442     0.074766
0.624365     0.075695
0.619289     0.076623
0.614213     0.077552
0.609137     0.078472
0.604061     0.079361
0.598985     0.080250
0.593909     0.081139
0.588832     0.082028
0.583756     0.082918
0.578680     0.083791
0.573604     0.084642
0.568528     0.085493
0.563452     0.086344
0.558376     0.087195
0.553299     0.088046
0.548223     0.088876
0.543147     0.089674
0.538071     0.090472
0.532995     0.091270
0.527919     0.092068
0.522843     0.092866
0.517766     0.093663
0.512690     0.094410
0.507614     0.095146
0.502538     0.095882
0.497462     0.096617
0.492386     0.097353
0.487310     0.098089
0.482233     0.098821
0.477157     0.099497
0.472081     0.100157
0.467005     0.100816
0.461929     0.101476
0.456853     0.102136
0.451777     0.102795
0.446701     0.103453
0.441624     0.104049
0.436548     0.104625
0.431472     0.105200
0.426396     0.105776
0.421320     0.106351
0.416244     0.106927
0.411168     0.107486
0.406091     0.107972
0.401015     0.108458
0.395939     0.108943
0.390863     0.109428
0.385787     0.109914
0.380711     0.110390
0.375635     0.110789
0.370558     0.111178
0.365482     0.111567
0.360406     0.111955
0.355330     0.112344
0.350254     0.112712
0.345178     0.113001
0.340102     0.113291
0.335025     0.113580
0.329949     0.113869
0.324873     0.114158
0.319797     0.114363
0.314721     0.114548
0.309645     0.114733
0.304569     0.114918
0.299492     0.115103
0.294416     0.115197
0.289340     0.115265
0.284264     0.115333
0.279188     0.115400
0.274112     0.115457
0.269036     0.115421
0.263959     0.115379
0.258883     0.115338
0.253807     0.115297
0.248731     0.115211
0.243655     0.115097
0.238579     0.114982
0.233503     0.114867
0.228426     0.114726
0.223350     0.114554
0.218274     0.114381
0.213198     0.114208
0.208122     0.113982
0.203046     0.113731
0.197970     0.113479
0.192893     0.113214
0.187817     0.112865
0.182741     0.112514
0.177665     0.112164
0.172589     0.111722
0.167513     0.111258
0.162437     0.110794
0.157360     0.110237
0.152284     0.109645
0.147208     0.109052
0.142132     0.108337
0.137056     0.107599
0.131980     0.106835
0.126904     0.105938
0.121827     0.105041
0.116751     0.104026
0.111675     0.102956
0.106599     0.101814
0.101523     0.100556
0.096447     0.099247
0.091371     0.097785
0.086294     0.096261
0.081218     0.094578
0.076142     0.092787
0.071066     0.090867
0.065990     0.088749
0.060914     0.086509
0.055838     0.084065
0.050761     0.081376
0.045685     0.078464
0.040609     0.075281
0.035533     0.071769
0.030457     0.067861
0.025381     0.063480
0.020305     0.058484
0.015228     0.052640
0.010152     0.045473
0.005076     0.035931
0.005076     -0.001535
0.010152     -0.007330
0.015228     -0.011604
0.020305     -0.015083
0.025381     -0.018034
0.030457     -0.020629
0.035533     -0.022945
0.040609     -0.025029
0.045685     -0.026918
0.050761     -0.028641
0.055838     -0.030224
0.060914     -0.031688
0.065990     -0.033053
0.071066     -0.034335
0.076142     -0.035500
0.081218     -0.036599
0.086294     -0.037648
0.091371     -0.038591
0.096447     -0.039504
0.101523     -0.040342
0.106599     -0.041139
0.111675     -0.041880
0.116751     -0.042581
0.121827     -0.043230
0.126904     -0.043853
0.131980     -0.044413
0.137056     -0.044973
0.142132     -0.045450
0.147208     -0.045927
0.152284     -0.046360
0.157360     -0.046758
0.162437     -0.047155
0.167513     -0.047485
0.172589     -0.047809
0.177665     -0.048127
0.182741     -0.048381
0.187817     -0.048635
0.192893     -0.048885
0.197970     -0.049072
0.203046     -0.049260
0.208122     -0.049447
0.213198     -0.049582
0.218274     -0.049704
0.223350     -0.049826
0.228426     -0.049927
0.233503     -0.049984
0.238579     -0.050042
0.243655     -0.050099
0.248731     -0.050132
0.253807     -0.050145
0.258883     -0.050157
0.263959     -0.050170
0.269036     -0.050161
0.274112     -0.050134
0.279188     -0.050108
0.284264     -0.050081
0.289340     -0.050037
0.294416     -0.049959
0.299492     -0.049880
0.304569     -0.049802
0.309645     -0.049723
0.314721     -0.049614
0.319797     -0.049491
0.324873     -0.049368
0.329949     -0.049245
0.335025     -0.049123
0.340102     -0.048974
0.345178     -0.048816
0.350254     -0.048658
0.355330     -0.048500
0.360406     -0.048342
0.365482     -0.048167
0.370558     -0.047974
0.375635     -0.047781
0.380711     -0.047589
0.385787     -0.047396
0.390863     -0.047202
0.395939     -0.046985
0.401015     -0.046762
0.406091     -0.046539
0.411168     -0.046317
0.416244     -0.046094
0.421320     -0.045871
0.426396     -0.045627
0.431472     -0.045378
0.436548     -0.045130
0.441624     -0.044881
0.446701     -0.044632
0.451777     -0.044383
0.456853     -0.044128
0.461929     -0.043857
0.467005     -0.043587
0.472081     -0.043316
0.477157     -0.043046
0.482233     -0.042776
0.487310     -0.042505
0.492386     -0.042229
0.497462     -0.041943
0.502538     -0.041657
0.507614     -0.041371
0.512690     -0.041085
0.517766     -0.040799
0.522843     -0.040513
0.527919     -0.040221
0.532995     -0.039923
0.538071     -0.039625
0.543147     -0.039327
0.548223     -0.039030
0.553299     -0.038732
0.558376     -0.038434
0.563452     -0.038133
0.568528     -0.037831
0.573604     -0.037530
0.578680     -0.037229
0.583756     -0.036927
0.588832     -0.036626
0.593909     -0.036325
0.598985     -0.036024
0.604061     -0.035723
0.609137     -0.035422
0.614213     -0.035121
0.619289     -0.034817
0.624365     -0.034507
0.629442     -0.034198
0.634518     -0.033888
0.639594     -0.033578
0.644670     -0.033266
0.649746     -0.032939
0.654822     -0.032612
0.659898     -0.032284
0.664975     -0.031957
0.670051     -0.031628
0.675127     -0.031292
0.680203     -0.030955
0.685279     -0.030619
0.690355     -0.030282
0.695431     -0.029948
0.700508     -0.029614
0.705584     -0.029281
0.710660     -0.028947
0.715736     -0.028617
0.720812     -0.028291
0.725888     -0.027965
0.730964     -0.027639
0.736041     -0.027316
0.741117     -0.026996
0.746193     -0.026675
0.751269     -0.026354
0.756345     -0.026039
0.761421     -0.025725
0.766497     -0.025411
0.771574     -0.025100
0.776650     -0.024794
0.781726     -0.024488
0.786802     -0.024182
0.791878     -0.023887
0.796954     -0.023590
0.802030     -0.023293
0.807107     -0.023006
0.812183     -0.022718
0.817259     -0.022433
0.822335     -0.022155
0.827411     -0.021876
0.832487     -0.021603
0.837563     -0.021333
0.842640     -0.021064
0.847716     -0.020805
0.852792     -0.020543
0.857868     -0.020291
0.862944     -0.020039
0.868020     -0.019794
0.873096     -0.019550
0.878173     -0.019314
0.883249     -0.019079
0.888325     -0.018855
0.893401     -0.018631
0.898477     -0.018420
0.903553     -0.018214
0.908629     -0.018012
0.913706     -0.017823
0.918782     -0.017641
0.923858     -0.017467
0.928934     -0.017301
0.934010     -0.017147
0.939086     -0.017001
0.944162     -0.016863
0.949239     -0.016734
0.954315     -0.016617
0.959391     -0.016515
0.964467     -0.016429
0.969543     -0.016360
0.974619     -0.016319
0.979695     -0.016302
0.984772     -0.016314
0.989848     -0.016359
0.994924     -0.016436
