Airfoil_rR0.575000.txt
1.000000     0.000000
0.994924     0.001217
0.989848     0.002438
0.984772     0.003661
0.979695     0.004884
0.974619     0.006106
0.969543     0.007327
0.964467     0.008544
0.959391     0.009759
0.954315     0.010968
0.949239     0.012172
0.944162     0.013371
0.939086     0.014563
0.934010     0.015749
0.928934     0.016928
0.923858     0.018100
0.918782     0.019260
0.913706     0.020415
0.908629     0.021564
0.903553     0.022701
0.898477     0.023831
0.893401     0.024956
0.888325     0.026066
0.883249     0.027173
0.878173     0.028267
0.873096     0.029356
0.868020     0.030433
0.862944     0.031505
0.857868     0.032564
0.852792     0.033619
0.847716     0.034659
0.842640     0.035700
0.837563     0.036718
0.832487     0.037737
0.827411     0.038744
0.822335     0.039739
0.817259     0.040739
0.812183     0.041710
0.807107     0.042682
0.802030     0.043654
0.796954     0.044600
0.791878     0.045547
0.786802     0.046495
0.781726     0.047415
0.776650     0.048335
0.771574     0.049263
0.766497     0.050155
0.761421     0.051047
0.756345     0.051939
0.751269     0.052822
0.746193     0.053682
0.741117     0.054541
0.736041     0.055403
0.730964     0.056242
0.725888     0.057067
0.720812     0.057891
0.715736     0.058718
0.710660     0.059525
0.705584     0.060315
0.700508     0.061106
0.695431     0.061896
0.690355     0.062677
0.685279     0.063426
0.680203     0.064176
0.675127     0.064925
0.670051     0.065678
0.664975     0.066385
0.659898     0.067080
0.654822     0.067776
0.649746     0.068472
0.644670     0.069170
0.639594     0.069810
0.634518     0.070442
0.629442     0.071073
0.624365     0.071705
0.619289     0.072336
0.614213     0.072941
0.609137     0.073513
0.604061     0.074086
0.598985     0.074658
0.593909     0.075230
0.588832     0.075809
0.583756     0.076344
0.578680     0.076866
0.573604     0.077388
0.568528     0.077910
0.563452     0.078431
0.558376     0.078955
0.553299     0.079440
0.548223     0.079900
0.543147     0.080360
0.538071     0.080819
0.532995     0.081279
0.527919     0.081739
0.522843     0.082198
0.517766     0.082589
0.512690     0.082981
0.507614     0.083372
0.502538     0.083764
0.497462     0.084155
0.492386     0.084547
0.487310     0.084937
0.482233     0.085253
0.477157     0.085570
0.472081     0.085886
0.467005     0.086203
0.461929     0.086519
0.456853     0.086836
0.451777     0.087150
0.446701     0.087387
0.441624     0.087623
0.436548     0.087860
0.431472     0.088097
0.426396     0.088334
0.421320     0.088571
0.416244     0.088770
0.411168     0.088927
0.406091     0.089084
0.401015     0.089242
0.395939     0.089399
0.390863     0.089556
0.385787     0.089683
0.380711     0.089759
0.375635     0.089835
0.370558     0.089910
0.365482     0.089986
0.360406     0.090061
0.355330     0.090081
0.350254     0.090073
0.345178     0.090065
0.340102     0.090057
0.335025     0.090049
0.329949     0.090015
0.324873     0.089929
0.319797     0.089842
0.314721     0.089755
0.309645     0.089669
0.304569     0.089545
0.299492     0.089367
0.294416     0.089189
0.289340     0.089011
0.284264     0.088833
0.279188     0.088581
0.274112     0.088309
0.269036     0.088037
0.263959     0.087764
0.258883     0.087474
0.253807     0.087144
0.248731     0.086815
0.243655     0.086485
0.238579     0.086153
0.233503     0.085790
0.228426     0.085427
0.223350     0.085063
0.218274     0.084681
0.213198     0.084275
0.208122     0.083869
0.203046     0.083459
0.197970     0.082998
0.192893     0.082537
0.187817     0.082077
0.182741     0.081557
0.177665     0.081029
0.172589     0.080501
0.167513     0.079905
0.162437     0.079298
0.157360     0.078688
0.152284     0.077993
0.147208     0.077297
0.142132     0.076561
0.137056     0.075768
0.131980     0.074973
0.126904     0.074078
0.121827     0.073178
0.116751     0.072197
0.111675     0.071181
0.106599     0.070093
0.101523     0.068952
0.096447     0.067729
0.091371     0.066456
0.086294     0.065069
0.081218     0.063638
0.076142     0.062075
0.071066     0.060426
0.065990     0.058690
0.060914     0.056802
0.055838     0.054780
0.050761     0.052615
0.045685     0.050280
0.040609     0.047747
0.035533     0.044981
0.030457     0.041942
0.025381     0.038588
0.020305     0.034761
0.015228     0.030378
0.010152     0.025118
0.005076     0.018237
0.005076     -0.005635
0.010152     -0.008261
0.015228     -0.009941
0.020305     -0.011091
0.025381     -0.011908
0.030457     -0.012493
0.035533     -0.012882
0.040609     -0.013126
0.045685     -0.013255
0.050761     -0.013284
0.055838     -0.013227
0.060914     -0.013097
0.065990     -0.012907
0.071066     -0.012665
0.076142     -0.012369
0.081218     -0.012029
0.086294     -0.011659
0.091371     -0.011267
0.096447     -0.010826
0.101523     -0.010380
0.106599     -0.009905
0.111675     -0.009421
0.116751     -0.008919
0.121827     -0.008412
0.126904     -0.007892
0.131980     -0.007368
0.137056     -0.006833
0.142132     -0.006308
0.147208     -0.005766
0.152284     -0.005244
0.157360     -0.004705
0.162437     -0.004188
0.167513     -0.003661
0.172589     -0.003135
0.177665     -0.002644
0.182741     -0.002141
0.187817     -0.001639
0.192893     -0.001188
0.197970     -0.000720
0.203046     -0.000253
0.208122     0.000150
0.213198     0.000569
0.218274     0.000989
0.223350     0.001342
0.228426     0.001700
0.233503     0.002058
0.238579     0.002372
0.243655     0.002657
0.248731     0.002942
0.253807     0.003227
0.258883     0.003453
0.263959     0.003679
0.269036     0.003905
0.274112     0.004131
0.279188     0.004320
0.284264     0.004523
0.289340     0.004727
0.294416     0.004930
0.299492     0.005107
0.304569     0.005300
0.309645     0.005494
0.314721     0.005687
0.319797     0.005881
0.324873     0.006026
0.329949     0.006193
0.335025     0.006360
0.340102     0.006528
0.345178     0.006680
0.350254     0.006804
0.355330     0.006941
0.360406     0.007078
0.365482     0.007216
0.370558     0.007353
0.375635     0.007439
0.380711     0.007548
0.385787     0.007657
0.390863     0.007766
0.395939     0.007875
0.401015     0.007946
0.406091     0.008022
0.411168     0.008099
0.416244     0.008175
0.421320     0.008252
0.426396     0.008328
0.431472     0.008363
0.436548     0.008403
0.441624     0.008442
0.446701     0.008482
0.451777     0.008522
0.456853     0.008561
0.461929     0.008601
0.467005     0.008575
0.472081     0.008576
0.477157     0.008577
0.482233     0.008578
0.487310     0.008579
0.492386     0.008580
0.497462     0.008569
0.502538     0.008516
0.507614     0.008482
0.512690     0.008447
0.517766     0.008413
0.522843     0.008378
0.527919     0.008344
0.532995     0.008285
0.538071     0.008210
0.543147     0.008143
0.548223     0.008075
0.553299     0.008008
0.558376     0.007940
0.563452     0.007873
0.568528     0.007753
0.573604     0.007648
0.578680     0.007543
0.583756     0.007438
0.588832     0.007333
0.593909     0.007228
0.598985     0.007079
0.604061     0.006945
0.609137     0.006811
0.614213     0.006677
0.619289     0.006542
0.624365     0.006389
0.629442     0.006248
0.634518     0.006107
0.639594     0.005966
0.644670     0.005824
0.649746     0.005677
0.654822     0.005524
0.659898     0.005380
0.664975     0.005237
0.670051     0.005093
0.675127     0.004934
0.680203     0.004782
0.685279     0.004631
0.690355     0.004479
0.695431     0.004327
0.700508     0.004155
0.705584     0.003991
0.710660     0.003827
0.715736     0.003663
0.720812     0.003481
0.725888     0.003305
0.730964     0.003128
0.736041     0.002951
0.741117     0.002761
0.746193     0.002576
0.751269     0.002391
0.756345     0.002206
0.761421     0.002006
0.766497     0.001814
0.771574     0.001622
0.776650     0.001419
0.781726     0.001221
0.786802     0.001022
0.791878     0.000815
0.796954     0.000611
0.802030     0.000408
0.807107     0.000196
0.812183     -0.000012
0.817259     -0.000220
0.822335     -0.000436
0.827411     -0.000647
0.832487     -0.000858
0.837563     -0.001076
0.842640     -0.001289
0.847716     -0.001508
0.852792     -0.001722
0.857868     -0.001941
0.862944     -0.002156
0.868020     -0.002375
0.873096     -0.002590
0.878173     -0.002809
0.883249     -0.003025
0.888325     -0.003244
0.893401     -0.003460
0.898477     -0.003680
0.903553     -0.003899
0.908629     -0.004119
0.913706     -0.004341
0.918782     -0.004563
0.923858     -0.004784
0.928934     -0.005008
0.934010     -0.005232
0.939086     -0.005456
0.944162     -0.005680
0.949239     -0.005904
0.954315     -0.006128
0.959391     -0.006354
0.964467     -0.006585
0.969543     -0.006819
0.974619     -0.007059
0.979695     -0.007307
0.984772     -0.007564
0.989848     -0.007830
0.994924     -0.008108
