Airfoil_rR0.250000.txt
1.000000     0.000000
0.994924     0.001064
0.989848     0.002126
0.984772     0.003185
0.979695     0.004239
0.974619     0.005287
0.969543     0.006328
0.964467     0.007364
0.959391     0.008390
0.954315     0.009409
0.949239     0.010420
0.944162     0.011421
0.939086     0.012413
0.934010     0.013396
0.928934     0.014368
0.923858     0.015331
0.918782     0.016286
0.913706     0.017231
0.908629     0.018163
0.903553     0.019087
0.898477     0.020004
0.893401     0.020906
0.888325     0.021803
0.883249     0.022686
0.878173     0.023562
0.873096     0.024426
0.868020     0.025282
0.862944     0.026125
0.857868     0.026962
0.852792     0.027784
0.847716     0.028603
0.842640     0.029403
0.837563     0.030200
0.832487     0.030984
0.827411     0.031757
0.822335     0.032527
0.817259     0.033278
0.812183     0.034026
0.807107     0.034767
0.802030     0.035489
0.796954     0.036209
0.791878     0.036923
0.786802     0.037617
0.781726     0.038309
0.776650     0.038997
0.771574     0.039665
0.766497     0.040327
0.761421     0.040990
0.756345     0.041635
0.751269     0.042264
0.746193     0.042894
0.741117     0.043519
0.736041     0.044124
0.730964     0.044718
0.725888     0.045312
0.720812     0.045901
0.715736     0.046471
0.710660     0.047031
0.705584     0.047591
0.700508     0.048148
0.695431     0.048687
0.690355     0.049208
0.685279     0.049728
0.680203     0.050248
0.675127     0.050759
0.670051     0.051238
0.664975     0.051708
0.659898     0.052177
0.654822     0.052646
0.649746     0.053105
0.644670     0.053519
0.639594     0.053927
0.634518     0.054335
0.629442     0.054742
0.624365     0.055142
0.619289     0.055510
0.614213     0.055859
0.609137     0.056209
0.604061     0.056558
0.598985     0.056906
0.593909     0.057245
0.588832     0.057550
0.583756     0.057855
0.578680     0.058160
0.573604     0.058466
0.568528     0.058768
0.563452     0.059063
0.558376     0.059318
0.553299     0.059570
0.548223     0.059822
0.543147     0.060075
0.538071     0.060327
0.532995     0.060572
0.527919     0.060792
0.522843     0.060988
0.517766     0.061183
0.512690     0.061379
0.507614     0.061575
0.502538     0.061770
0.497462     0.061957
0.492386     0.062117
0.487310     0.062255
0.482233     0.062392
0.477157     0.062529
0.472081     0.062666
0.467005     0.062803
0.461929     0.062933
0.456853     0.063031
0.451777     0.063108
0.446701     0.063185
0.441624     0.063262
0.436548     0.063339
0.431472     0.063413
0.426396     0.063477
0.421320     0.063496
0.416244     0.063516
0.411168     0.063535
0.406091     0.063554
0.401015     0.063571
0.395939     0.063581
0.390863     0.063543
0.385787     0.063505
0.380711     0.063467
0.375635     0.063429
0.370558     0.063388
0.365482     0.063321
0.360406     0.063224
0.355330     0.063126
0.350254     0.063029
0.345178     0.062930
0.340102     0.062820
0.335025     0.062667
0.329949     0.062514
0.324873     0.062362
0.319797     0.062208
0.314721     0.062037
0.309645     0.061826
0.304569     0.061616
0.299492     0.061405
0.294416     0.061191
0.289340     0.060933
0.284264     0.060655
0.279188     0.060377
0.274112     0.060098
0.269036     0.059798
0.263959     0.059472
0.258883     0.059146
0.253807     0.058820
0.248731     0.058483
0.243655     0.058136
0.238579     0.057789
0.233503     0.057442
0.228426     0.057082
0.223350     0.056719
0.218274     0.056356
0.213198     0.055985
0.208122     0.055597
0.203046     0.055209
0.197970     0.054819
0.192893     0.054399
0.187817     0.053978
0.182741     0.053556
0.177665     0.053096
0.172589     0.052636
0.167513     0.052165
0.162437     0.051661
0.157360     0.051156
0.152284     0.050620
0.147208     0.050064
0.142132     0.049497
0.137056     0.048885
0.131980     0.048271
0.126904     0.047602
0.121827     0.046926
0.116751     0.046198
0.111675     0.045457
0.106599     0.044658
0.101523     0.043846
0.096447     0.042962
0.091371     0.042052
0.086294     0.041088
0.081218     0.040064
0.076142     0.038996
0.071066     0.037861
0.065990     0.036649
0.060914     0.035365
0.055838     0.033999
0.050761     0.032537
0.045685     0.030965
0.040609     0.029266
0.035533     0.027425
0.030457     0.025420
0.025381     0.023192
0.020305     0.020711
0.015228     0.017856
0.010152     0.014444
0.005076     0.010015
0.005076     -0.006176
0.010152     -0.008121
0.015228     -0.009326
0.020305     -0.010130
0.025381     -0.010671
0.030457     -0.011016
0.035533     -0.011218
0.040609     -0.011313
0.045685     -0.011306
0.050761     -0.011223
0.055838     -0.011072
0.060914     -0.010865
0.065990     -0.010612
0.071066     -0.010313
0.076142     -0.009972
0.081218     -0.009603
0.086294     -0.009209
0.091371     -0.008783
0.096447     -0.008336
0.101523     -0.007878
0.106599     -0.007394
0.111675     -0.006907
0.116751     -0.006405
0.121827     -0.005897
0.126904     -0.005382
0.131980     -0.004862
0.137056     -0.004337
0.142132     -0.003814
0.147208     -0.003286
0.152284     -0.002764
0.157360     -0.002242
0.162437     -0.001723
0.167513     -0.001214
0.172589     -0.000705
0.177665     -0.000207
0.182741     0.000279
0.187817     0.000765
0.192893     0.001231
0.197970     0.001686
0.203046     0.002140
0.208122     0.002568
0.213198     0.002981
0.218274     0.003395
0.223350     0.003784
0.228426     0.004146
0.233503     0.004507
0.238579     0.004867
0.243655     0.005167
0.248731     0.005467
0.253807     0.005768
0.258883     0.006052
0.263959     0.006305
0.269036     0.006557
0.274112     0.006811
0.279188     0.007057
0.284264     0.007290
0.289340     0.007523
0.294416     0.007757
0.299492     0.007990
0.304569     0.008209
0.309645     0.008429
0.314721     0.008649
0.319797     0.008872
0.324873     0.009074
0.329949     0.009267
0.335025     0.009460
0.340102     0.009653
0.345178     0.009852
0.350254     0.010020
0.355330     0.010184
0.360406     0.010347
0.365482     0.010511
0.370558     0.010680
0.375635     0.010826
0.380711     0.010960
0.385787     0.011095
0.390863     0.011229
0.395939     0.011366
0.401015     0.011504
0.406091     0.011604
0.411168     0.011704
0.416244     0.011804
0.421320     0.011904
0.426396     0.012009
0.431472     0.012111
0.436548     0.012175
0.441624     0.012239
0.446701     0.012303
0.451777     0.012367
0.456853     0.012433
0.461929     0.012507
0.467005     0.012545
0.472081     0.012571
0.477157     0.012597
0.482233     0.012624
0.487310     0.012650
0.492386     0.012681
0.497462     0.012719
0.502538     0.012708
0.507614     0.012694
0.512690     0.012679
0.517766     0.012665
0.522843     0.012650
0.527919     0.012643
0.532995     0.012638
0.538071     0.012587
0.543147     0.012537
0.548223     0.012486
0.553299     0.012435
0.558376     0.012385
0.563452     0.012349
0.568528     0.012278
0.573604     0.012189
0.578680     0.012101
0.583756     0.012012
0.588832     0.011924
0.593909     0.011851
0.598985     0.011743
0.604061     0.011622
0.609137     0.011501
0.614213     0.011380
0.619289     0.011264
0.624365     0.011154
0.629442     0.011019
0.634518     0.010883
0.639594     0.010747
0.644670     0.010613
0.649746     0.010495
0.654822     0.010355
0.659898     0.010214
0.664975     0.010074
0.670051     0.009936
0.675127     0.009810
0.680203     0.009659
0.685279     0.009509
0.690355     0.009358
0.695431     0.009218
0.700508     0.009064
0.705584     0.008897
0.710660     0.008729
0.715736     0.008566
0.720812     0.008403
0.725888     0.008217
0.730964     0.008031
0.736041     0.007852
0.741117     0.007671
0.746193     0.007472
0.751269     0.007273
0.756345     0.007087
0.761421     0.006884
0.766497     0.006674
0.771574     0.006467
0.776650     0.006267
0.781726     0.006046
0.786802     0.005826
0.791878     0.005619
0.796954     0.005389
0.802030     0.005159
0.807107     0.004941
0.812183     0.004703
0.817259     0.004465
0.822335     0.004237
0.827411     0.003992
0.832487     0.003756
0.837563     0.003510
0.842640     0.003259
0.847716     0.003019
0.852792     0.002763
0.857868     0.002519
0.862944     0.002260
0.868020     0.002011
0.873096     0.001749
0.878173     0.001497
0.883249     0.001231
0.888325     0.000975
0.893401     0.000707
0.898477     0.000447
0.903553     0.000184
0.908629     -0.000089
0.913706     -0.000355
0.918782     -0.000623
0.923858     -0.000899
0.928934     -0.001174
0.934010     -0.001449
0.939086     -0.001725
0.944162     -0.002003
0.949239     -0.002283
0.954315     -0.002565
0.959391     -0.002848
0.964467     -0.003133
0.969543     -0.003426
0.974619     -0.003719
0.979695     -0.004020
0.984772     -0.004327
0.989848     -0.004641
0.994924     -0.004962
