Airfoil_rR0.850000.txt
1.000000     0.000000
0.994924     0.001021
0.989848     0.002041
0.984772     0.003060
0.979695     0.004079
0.974619     0.005099
0.969543     0.006118
0.964467     0.007137
0.959391     0.008155
0.954315     0.009174
0.949239     0.010193
0.944162     0.011212
0.939086     0.012230
0.934010     0.013249
0.928934     0.014268
0.923858     0.015287
0.918782     0.016306
0.913706     0.017326
0.908629     0.018346
0.903553     0.019365
0.898477     0.020385
0.893401     0.021405
0.888325     0.022425
0.883249     0.023446
0.878173     0.024465
0.873096     0.025484
0.868020     0.026503
0.862944     0.027522
0.857868     0.028540
0.852792     0.029560
0.847716     0.030579
0.842640     0.031597
0.837563     0.032618
0.832487     0.033637
0.827411     0.034658
0.822335     0.035678
0.817259     0.036698
0.812183     0.037720
0.807107     0.038741
0.802030     0.039761
0.796954     0.040782
0.791878     0.041801
0.786802     0.042821
0.781726     0.043839
0.776650     0.044855
0.771574     0.045871
0.766497     0.046885
0.761421     0.047893
0.756345     0.048902
0.751269     0.049912
0.746193     0.050908
0.741117     0.051903
0.736041     0.052899
0.730964     0.053892
0.725888     0.054871
0.720812     0.055851
0.715736     0.056830
0.710660     0.057809
0.705584     0.058774
0.700508     0.059739
0.695431     0.060704
0.690355     0.061669
0.685279     0.062617
0.680203     0.063560
0.675127     0.064503
0.670051     0.065446
0.664975     0.066381
0.659898     0.067286
0.654822     0.068191
0.649746     0.069096
0.644670     0.070001
0.639594     0.070894
0.634518     0.071749
0.629442     0.072604
0.624365     0.073459
0.619289     0.074314
0.614213     0.075169
0.609137     0.075988
0.604061     0.076802
0.598985     0.077616
0.593909     0.078430
0.588832     0.079244
0.583756     0.080054
0.578680     0.080830
0.573604     0.081607
0.568528     0.082384
0.563452     0.083161
0.558376     0.083938
0.553299     0.084714
0.548223     0.085439
0.543147     0.086163
0.538071     0.086888
0.532995     0.087612
0.527919     0.088337
0.522843     0.089062
0.517766     0.089761
0.512690     0.090424
0.507614     0.091087
0.502538     0.091750
0.497462     0.092413
0.492386     0.093076
0.487310     0.093740
0.482233     0.094378
0.477157     0.094970
0.472081     0.095561
0.467005     0.096152
0.461929     0.096744
0.456853     0.097335
0.451777     0.097926
0.446701     0.098497
0.441624     0.099008
0.436548     0.099519
0.431472     0.100031
0.426396     0.100542
0.421320     0.101053
0.416244     0.101564
0.411168     0.102021
0.406091     0.102447
0.401015     0.102873
0.395939     0.103298
0.390863     0.103724
0.385787     0.104150
0.380711     0.104536
0.375635     0.104871
0.370558     0.105206
0.365482     0.105540
0.360406     0.105875
0.355330     0.106210
0.350254     0.106484
0.345178     0.106724
0.340102     0.106965
0.335025     0.107206
0.329949     0.107447
0.324873     0.107664
0.319797     0.107809
0.314721     0.107954
0.309645     0.108099
0.304569     0.108244
0.299492     0.108366
0.294416     0.108399
0.289340     0.108432
0.284264     0.108464
0.279188     0.108497
0.274112     0.108479
0.269036     0.108408
0.263959     0.108338
0.258883     0.108267
0.253807     0.108191
0.248731     0.108050
0.243655     0.107910
0.238579     0.107770
0.233503     0.107629
0.228426     0.107430
0.223350     0.107230
0.218274     0.107029
0.213198     0.106816
0.208122     0.106539
0.203046     0.106262
0.197970     0.105985
0.192893     0.105652
0.187817     0.105282
0.182741     0.104913
0.177665     0.104513
0.172589     0.104038
0.167513     0.103563
0.162437     0.103064
0.157360     0.102468
0.152284     0.101872
0.147208     0.101233
0.142132     0.100503
0.137056     0.099774
0.131980     0.098950
0.126904     0.098074
0.121827     0.097172
0.116751     0.096137
0.111675     0.095102
0.106599     0.093918
0.101523     0.092710
0.096447     0.091367
0.091371     0.089973
0.086294     0.088430
0.081218     0.086837
0.076142     0.085047
0.071066     0.083186
0.065990     0.081151
0.060914     0.078947
0.055838     0.076595
0.050761     0.074056
0.045685     0.071242
0.040609     0.068181
0.035533     0.064824
0.030457     0.061112
0.025381     0.056940
0.020305     0.052167
0.015228     0.046625
0.010152     0.039885
0.005076     0.030916
0.005076     -0.003389
0.010152     -0.008435
0.015228     -0.012125
0.020305     -0.015129
0.025381     -0.017654
0.030457     -0.019878
0.035533     -0.021828
0.040609     -0.023585
0.045685     -0.025177
0.050761     -0.026629
0.055838     -0.027964
0.060914     -0.029198
0.065990     -0.030325
0.071066     -0.031364
0.076142     -0.032338
0.081218     -0.033254
0.086294     -0.034079
0.091371     -0.034867
0.096447     -0.035598
0.101523     -0.036275
0.106599     -0.036920
0.111675     -0.037502
0.116751     -0.038068
0.121827     -0.038570
0.126904     -0.039059
0.131980     -0.039498
0.137056     -0.039915
0.142132     -0.040303
0.147208     -0.040651
0.152284     -0.041000
0.157360     -0.041286
0.162437     -0.041571
0.167513     -0.041834
0.172589     -0.042058
0.177665     -0.042282
0.182741     -0.042475
0.187817     -0.042641
0.192893     -0.042807
0.197970     -0.042945
0.203046     -0.043055
0.208122     -0.043166
0.213198     -0.043261
0.218274     -0.043318
0.223350     -0.043375
0.228426     -0.043432
0.233503     -0.043446
0.238579     -0.043452
0.243655     -0.043458
0.248731     -0.043461
0.253807     -0.043438
0.258883     -0.043416
0.263959     -0.043393
0.269036     -0.043368
0.274112     -0.043317
0.279188     -0.043266
0.284264     -0.043216
0.289340     -0.043165
0.294416     -0.043079
0.299492     -0.042986
0.304569     -0.042894
0.309645     -0.042801
0.314721     -0.042700
0.319797     -0.042576
0.324873     -0.042451
0.329949     -0.042326
0.335025     -0.042202
0.340102     -0.042069
0.345178     -0.041920
0.350254     -0.041771
0.355330     -0.041623
0.360406     -0.041474
0.365482     -0.041323
0.370558     -0.041150
0.375635     -0.040977
0.380711     -0.040804
0.385787     -0.040632
0.390863     -0.040459
0.395939     -0.040277
0.401015     -0.040084
0.406091     -0.039891
0.411168     -0.039698
0.416244     -0.039506
0.421320     -0.039313
0.426396     -0.039113
0.431472     -0.038904
0.436548     -0.038695
0.441624     -0.038486
0.446701     -0.038277
0.451777     -0.038068
0.456853     -0.037859
0.461929     -0.037638
0.467005     -0.037415
0.472081     -0.037193
0.477157     -0.036971
0.482233     -0.036749
0.487310     -0.036527
0.492386     -0.036305
0.497462     -0.036075
0.502538     -0.035844
0.507614     -0.035614
0.512690     -0.035384
0.517766     -0.035154
0.522843     -0.034923
0.527919     -0.034693
0.532995     -0.034457
0.538071     -0.034221
0.543147     -0.033985
0.548223     -0.033749
0.553299     -0.033513
0.558376     -0.033277
0.563452     -0.033043
0.568528     -0.032808
0.573604     -0.032574
0.578680     -0.032339
0.583756     -0.032104
0.588832     -0.031869
0.593909     -0.031637
0.598985     -0.031405
0.604061     -0.031173
0.609137     -0.030942
0.614213     -0.030710
0.619289     -0.030478
0.624365     -0.030238
0.629442     -0.029998
0.634518     -0.029759
0.639594     -0.029519
0.644670     -0.029279
0.649746     -0.029026
0.654822     -0.028769
0.659898     -0.028512
0.664975     -0.028255
0.670051     -0.027999
0.675127     -0.027733
0.680203     -0.027467
0.685279     -0.027201
0.690355     -0.026935
0.695431     -0.026670
0.700508     -0.026406
0.705584     -0.026141
0.710660     -0.025876
0.715736     -0.025613
0.720812     -0.025355
0.725888     -0.025096
0.730964     -0.024838
0.736041     -0.024580
0.741117     -0.024325
0.746193     -0.024070
0.751269     -0.023814
0.756345     -0.023561
0.761421     -0.023310
0.766497     -0.023058
0.771574     -0.022807
0.776650     -0.022561
0.781726     -0.022315
0.786802     -0.022069
0.791878     -0.021828
0.796954     -0.021587
0.802030     -0.021347
0.807107     -0.021111
0.812183     -0.020877
0.817259     -0.020642
0.822335     -0.020413
0.827411     -0.020183
0.832487     -0.019956
0.837563     -0.019732
0.842640     -0.019508
0.847716     -0.019288
0.852792     -0.019069
0.857868     -0.018854
0.862944     -0.018639
0.868020     -0.018428
0.873096     -0.018219
0.878173     -0.018014
0.883249     -0.017811
0.888325     -0.017612
0.893401     -0.017416
0.898477     -0.017226
0.903553     -0.017040
0.908629     -0.016859
0.913706     -0.016685
0.918782     -0.016515
0.923858     -0.016351
0.928934     -0.016195
0.934010     -0.016046
0.939086     -0.015901
0.944162     -0.015762
0.949239     -0.015630
0.954315     -0.015506
0.959391     -0.015392
0.964467     -0.015292
0.969543     -0.015206
0.974619     -0.015140
0.979695     -0.015095
0.984772     -0.015073
0.989848     -0.015077
0.994924     -0.015109
