Airfoil_rR0.275000.txt
1.000000     0.000000
0.994924     0.001111
0.989848     0.002220
0.984772     0.003325
0.979695     0.004422
0.974619     0.005515
0.969543     0.006599
0.964467     0.007675
0.959391     0.008744
0.954315     0.009805
0.949239     0.010856
0.944162     0.011897
0.939086     0.012928
0.934010     0.013949
0.928934     0.014958
0.923858     0.015957
0.918782     0.016946
0.913706     0.017928
0.908629     0.018897
0.903553     0.019853
0.898477     0.020804
0.893401     0.021740
0.888325     0.022666
0.883249     0.023585
0.878173     0.024489
0.873096     0.025388
0.868020     0.026270
0.862944     0.027148
0.857868     0.028009
0.852792     0.028864
0.847716     0.029706
0.842640     0.030537
0.837563     0.031362
0.832487     0.032171
0.827411     0.032975
0.822335     0.033764
0.817259     0.034543
0.812183     0.035318
0.807107     0.036076
0.802030     0.036826
0.796954     0.037570
0.791878     0.038300
0.786802     0.039019
0.781726     0.039736
0.776650     0.040436
0.771574     0.041126
0.766497     0.041813
0.761421     0.042486
0.756345     0.043150
0.751269     0.043801
0.746193     0.044449
0.741117     0.045083
0.736041     0.045706
0.730964     0.046321
0.725888     0.046930
0.720812     0.047527
0.715736     0.048113
0.710660     0.048691
0.705584     0.049265
0.700508     0.049827
0.695431     0.050379
0.690355     0.050914
0.685279     0.051449
0.680203     0.051972
0.675127     0.052492
0.670051     0.052980
0.664975     0.053461
0.659898     0.053942
0.654822     0.054408
0.649746     0.054874
0.644670     0.055295
0.639594     0.055711
0.634518     0.056128
0.629442     0.056532
0.624365     0.056934
0.619289     0.057304
0.614213     0.057660
0.609137     0.058015
0.604061     0.058364
0.598985     0.058706
0.593909     0.059046
0.588832     0.059353
0.583756     0.059660
0.578680     0.059968
0.573604     0.060267
0.568528     0.060562
0.563452     0.060855
0.558376     0.061106
0.553299     0.061356
0.548223     0.061607
0.543147     0.061853
0.538071     0.062092
0.532995     0.062330
0.527919     0.062541
0.522843     0.062730
0.517766     0.062919
0.512690     0.063108
0.507614     0.063290
0.502538     0.063467
0.497462     0.063645
0.492386     0.063790
0.487310     0.063914
0.482233     0.064039
0.477157     0.064163
0.472081     0.064281
0.467005     0.064395
0.461929     0.064509
0.456853     0.064586
0.451777     0.064645
0.446701     0.064703
0.441624     0.064762
0.436548     0.064811
0.431472     0.064861
0.426396     0.064899
0.421320     0.064896
0.416244     0.064892
0.411168     0.064889
0.406091     0.064879
0.401015     0.064866
0.395939     0.064846
0.390863     0.064781
0.385787     0.064716
0.380711     0.064652
0.375635     0.064579
0.370558     0.064506
0.365482     0.064405
0.360406     0.064278
0.355330     0.064151
0.350254     0.064020
0.345178     0.063885
0.340102     0.063737
0.335025     0.063553
0.329949     0.063370
0.324873     0.063182
0.319797     0.062991
0.314721     0.062782
0.309645     0.062541
0.304569     0.062301
0.299492     0.062054
0.294416     0.061806
0.289340     0.061512
0.284264     0.061205
0.279188     0.060895
0.274112     0.060580
0.269036     0.060244
0.263959     0.059889
0.258883     0.059532
0.253807     0.059169
0.248731     0.058798
0.243655     0.058422
0.238579     0.058041
0.233503     0.057657
0.228426     0.057267
0.223350     0.056875
0.218274     0.056477
0.213198     0.056072
0.208122     0.055657
0.203046     0.055238
0.197970     0.054812
0.192893     0.054365
0.187817     0.053915
0.182741     0.053456
0.177665     0.052971
0.172589     0.052483
0.167513     0.051978
0.162437     0.051450
0.157360     0.050915
0.152284     0.050348
0.147208     0.049767
0.142132     0.049166
0.137056     0.048532
0.131980     0.047888
0.126904     0.047193
0.121827     0.046491
0.116751     0.045737
0.111675     0.044972
0.106599     0.044148
0.101523     0.043308
0.096447     0.042406
0.091371     0.041470
0.086294     0.040488
0.081218     0.039442
0.076142     0.038349
0.071066     0.037198
0.065990     0.035963
0.060914     0.034660
0.055838     0.033274
0.050761     0.031797
0.045685     0.030213
0.040609     0.028509
0.035533     0.026668
0.030457     0.024673
0.025381     0.022461
0.020305     0.020008
0.015228     0.017207
0.010152     0.013874
0.005076     0.009590
0.005076     -0.006036
0.010152     -0.007865
0.015228     -0.008963
0.020305     -0.009656
0.025381     -0.010084
0.030457     -0.010320
0.035533     -0.010410
0.040609     -0.010396
0.045685     -0.010283
0.050761     -0.010096
0.055838     -0.009843
0.060914     -0.009534
0.065990     -0.009179
0.071066     -0.008778
0.076142     -0.008337
0.081218     -0.007866
0.086294     -0.007372
0.091371     -0.006846
0.096447     -0.006299
0.101523     -0.005742
0.106599     -0.005163
0.111675     -0.004579
0.116751     -0.003986
0.121827     -0.003386
0.126904     -0.002782
0.131980     -0.002173
0.137056     -0.001563
0.142132     -0.000954
0.147208     -0.000345
0.152284     0.000260
0.157360     0.000861
0.162437     0.001459
0.167513     0.002042
0.172589     0.002624
0.177665     0.003196
0.182741     0.003749
0.187817     0.004303
0.192893     0.004834
0.197970     0.005350
0.203046     0.005866
0.208122     0.006351
0.213198     0.006816
0.218274     0.007284
0.223350     0.007724
0.228426     0.008129
0.233503     0.008536
0.238579     0.008943
0.243655     0.009278
0.248731     0.009613
0.253807     0.009953
0.258883     0.010272
0.263959     0.010555
0.269036     0.010839
0.274112     0.011128
0.279188     0.011404
0.284264     0.011664
0.289340     0.011924
0.294416     0.012191
0.299492     0.012452
0.304569     0.012694
0.309645     0.012936
0.314721     0.013183
0.319797     0.013432
0.324873     0.013655
0.329949     0.013866
0.335025     0.014076
0.340102     0.014296
0.345178     0.014516
0.350254     0.014698
0.355330     0.014874
0.360406     0.015051
0.365482     0.015236
0.370558     0.015422
0.375635     0.015578
0.380711     0.015721
0.385787     0.015863
0.390863     0.016011
0.395939     0.016164
0.401015     0.016311
0.406091     0.016414
0.411168     0.016518
0.416244     0.016621
0.421320     0.016733
0.426396     0.016848
0.431472     0.016955
0.436548     0.017017
0.441624     0.017079
0.446701     0.017142
0.451777     0.017211
0.456853     0.017285
0.461929     0.017360
0.467005     0.017392
0.472081     0.017411
0.477157     0.017430
0.482233     0.017449
0.487310     0.017480
0.492386     0.017512
0.497462     0.017545
0.502538     0.017523
0.507614     0.017495
0.512690     0.017468
0.517766     0.017440
0.522843     0.017427
0.527919     0.017414
0.532995     0.017398
0.538071     0.017329
0.543147     0.017260
0.548223     0.017191
0.553299     0.017129
0.558376     0.017076
0.563452     0.017023
0.568528     0.016931
0.573604     0.016820
0.578680     0.016708
0.583756     0.016601
0.588832     0.016506
0.593909     0.016411
0.598985     0.016279
0.604061     0.016130
0.609137     0.015981
0.614213     0.015842
0.619289     0.015710
0.624365     0.015574
0.629442     0.015407
0.634518     0.015239
0.639594     0.015075
0.644670     0.014926
0.649746     0.014777
0.654822     0.014602
0.659898     0.014425
0.664975     0.014253
0.670051     0.014095
0.675127     0.013935
0.680203     0.013744
0.685279     0.013554
0.690355     0.013374
0.695431     0.013203
0.700508     0.013009
0.705584     0.012798
0.710660     0.012591
0.715736     0.012400
0.720812     0.012193
0.725888     0.011961
0.730964     0.011731
0.736041     0.011519
0.741117     0.011291
0.746193     0.011043
0.751269     0.010803
0.756345     0.010576
0.761421     0.010321
0.766497     0.010059
0.771574     0.009815
0.776650     0.009562
0.781726     0.009286
0.786802     0.009023
0.791878     0.008764
0.796954     0.008476
0.802030     0.008199
0.807107     0.007927
0.812183     0.007629
0.817259     0.007345
0.822335     0.007056
0.827411     0.006748
0.832487     0.006463
0.837563     0.006153
0.842640     0.005849
0.847716     0.005545
0.852792     0.005227
0.857868     0.004925
0.862944     0.004597
0.868020     0.004292
0.873096     0.003960
0.878173     0.003648
0.883249     0.003313
0.888325     0.002993
0.893401     0.002659
0.898477     0.002327
0.903553     0.001998
0.908629     0.001653
0.913706     0.001316
0.918782     0.000979
0.923858     0.000632
0.928934     0.000282
0.934010     -0.000068
0.939086     -0.000417
0.944162     -0.000770
0.949239     -0.001126
0.954315     -0.001483
0.959391     -0.001841
0.964467     -0.002207
0.969543     -0.002577
0.974619     -0.002952
0.979695     -0.003332
0.984772     -0.003720
0.989848     -0.004112
0.994924     -0.004514
