Airfoil_rR0.650000.txt
1.000000     0.000000
0.994924     0.001111
0.989848     0.002217
0.984772     0.003326
0.979695     0.004435
0.974619     0.005542
0.969543     0.006648
0.964467     0.007763
0.959391     0.008867
0.954315     0.009981
0.949239     0.011095
0.944162     0.012207
0.939086     0.013317
0.934010     0.014425
0.928934     0.015529
0.923858     0.016628
0.918782     0.017742
0.913706     0.018831
0.908629     0.019914
0.903553     0.021004
0.898477     0.022082
0.893401     0.023144
0.888325     0.024225
0.883249     0.025271
0.878173     0.026340
0.873096     0.027374
0.868020     0.028429
0.862944     0.029453
0.857868     0.030502
0.852792     0.031507
0.847716     0.032541
0.842640     0.033533
0.837563     0.034553
0.832487     0.035550
0.827411     0.036537
0.822335     0.037540
0.817259     0.038495
0.812183     0.039480
0.807107     0.040466
0.802030     0.041396
0.796954     0.042363
0.791878     0.043330
0.786802     0.044238
0.781726     0.045185
0.776650     0.046132
0.771574     0.047022
0.766497     0.047947
0.761421     0.048873
0.756345     0.049773
0.751269     0.050650
0.746193     0.051551
0.741117     0.052452
0.736041     0.053303
0.730964     0.054166
0.725888     0.055040
0.720812     0.055914
0.715736     0.056733
0.710660     0.057569
0.705584     0.058417
0.700508     0.059265
0.695431     0.060075
0.690355     0.060867
0.685279     0.061681
0.680203     0.062495
0.675127     0.063310
0.670051     0.064052
0.664975     0.064815
0.659898     0.065583
0.654822     0.066351
0.649746     0.067112
0.644670     0.067805
0.639594     0.068514
0.634518     0.069224
0.629442     0.069935
0.624365     0.070646
0.619289     0.071293
0.614213     0.071943
0.609137     0.072605
0.604061     0.073266
0.598985     0.073928
0.593909     0.074571
0.588832     0.075157
0.583756     0.075772
0.578680     0.076391
0.573604     0.077011
0.568528     0.077630
0.563452     0.078234
0.558376     0.078777
0.553299     0.079336
0.548223     0.079901
0.543147     0.080466
0.538071     0.081032
0.532995     0.081597
0.527919     0.082103
0.522843     0.082593
0.517766     0.083098
0.512690     0.083603
0.507614     0.084108
0.502538     0.084612
0.497462     0.085117
0.492386     0.085557
0.487310     0.085982
0.482233     0.086418
0.477157     0.086854
0.472081     0.087290
0.467005     0.087725
0.461929     0.088161
0.456853     0.088536
0.451777     0.088890
0.446701     0.089251
0.441624     0.089612
0.436548     0.089973
0.431472     0.090334
0.426396     0.090691
0.421320     0.090970
0.416244     0.091250
0.411168     0.091533
0.406091     0.091816
0.401015     0.092098
0.395939     0.092381
0.390863     0.092600
0.385787     0.092800
0.380711     0.093000
0.375635     0.093200
0.370558     0.093400
0.365482     0.093600
0.360406     0.093725
0.355330     0.093842
0.350254     0.093957
0.345178     0.094073
0.340102     0.094188
0.335025     0.094265
0.329949     0.094300
0.324873     0.094333
0.319797     0.094366
0.314721     0.094398
0.309645     0.094402
0.304569     0.094353
0.299492     0.094287
0.294416     0.094221
0.289340     0.094155
0.284264     0.094041
0.279188     0.093889
0.274112     0.093727
0.269036     0.093565
0.263959     0.093388
0.258883     0.093153
0.253807     0.092930
0.248731     0.092707
0.243655     0.092480
0.238579     0.092184
0.233503     0.091912
0.228426     0.091640
0.223350     0.091353
0.218274     0.091013
0.213198     0.090679
0.208122     0.090345
0.203046     0.089970
0.197970     0.089564
0.192893     0.089158
0.187817     0.088735
0.182741     0.088254
0.177665     0.087761
0.172589     0.087260
0.167513     0.086691
0.162437     0.086101
0.157360     0.085498
0.152284     0.084823
0.147208     0.084127
0.142132     0.083401
0.137056     0.082595
0.131980     0.081781
0.126904     0.080884
0.121827     0.079944
0.116751     0.078960
0.111675     0.077885
0.106599     0.076786
0.101523     0.075568
0.096447     0.074325
0.091371     0.072952
0.086294     0.071530
0.081218     0.069992
0.076142     0.068353
0.071066     0.066630
0.065990     0.064742
0.060914     0.062737
0.055838     0.060600
0.050761     0.058291
0.045685     0.055773
0.040609     0.053044
0.035533     0.050069
0.030457     0.046792
0.025381     0.043105
0.020305     0.038988
0.015228     0.034211
0.010152     0.028483
0.005076     0.020854
0.005076     -0.004703
0.010152     -0.007492
0.015228     -0.009383
0.020305     -0.010778
0.025381     -0.011853
0.030457     -0.012705
0.035533     -0.013388
0.040609     -0.013944
0.045685     -0.014390
0.050761     -0.014739
0.055838     -0.015004
0.060914     -0.015197
0.065990     -0.015328
0.071066     -0.015408
0.076142     -0.015443
0.081218     -0.015470
0.086294     -0.015421
0.091371     -0.015344
0.096447     -0.015281
0.101523     -0.015142
0.106599     -0.015001
0.111675     -0.014853
0.116751     -0.014657
0.121827     -0.014493
0.126904     -0.014265
0.131980     -0.014077
0.137056     -0.013828
0.142132     -0.013620
0.147208     -0.013382
0.152284     -0.013132
0.157360     -0.012914
0.162437     -0.012624
0.167513     -0.012400
0.172589     -0.012137
0.177665     -0.011878
0.182741     -0.011652
0.187817     -0.011362
0.192893     -0.011134
0.197970     -0.010915
0.203046     -0.010627
0.208122     -0.010415
0.213198     -0.010209
0.218274     -0.009954
0.223350     -0.009741
0.228426     -0.009557
0.233503     -0.009360
0.238579     -0.009129
0.243655     -0.008978
0.248731     -0.008828
0.253807     -0.008635
0.258883     -0.008482
0.263959     -0.008370
0.269036     -0.008257
0.274112     -0.008095
0.279188     -0.007970
0.284264     -0.007869
0.289340     -0.007768
0.294416     -0.007629
0.299492     -0.007490
0.304569     -0.007385
0.309645     -0.007280
0.314721     -0.007170
0.319797     -0.006996
0.324873     -0.006902
0.329949     -0.006809
0.335025     -0.006717
0.340102     -0.006604
0.345178     -0.006456
0.350254     -0.006380
0.355330     -0.006304
0.360406     -0.006228
0.365482     -0.006140
0.370558     -0.006000
0.375635     -0.005933
0.380711     -0.005871
0.385787     -0.005809
0.390863     -0.005746
0.395939     -0.005640
0.401015     -0.005546
0.406091     -0.005503
0.411168     -0.005459
0.416244     -0.005415
0.421320     -0.005372
0.426396     -0.005279
0.431472     -0.005208
0.436548     -0.005184
0.441624     -0.005160
0.446701     -0.005136
0.451777     -0.005113
0.456853     -0.005058
0.461929     -0.004978
0.467005     -0.004975
0.472081     -0.004972
0.477157     -0.004968
0.482233     -0.004965
0.487310     -0.004962
0.492386     -0.004916
0.497462     -0.004869
0.502538     -0.004889
0.507614     -0.004908
0.512690     -0.004927
0.517766     -0.004946
0.522843     -0.004966
0.527919     -0.004937
0.532995     -0.004924
0.538071     -0.004962
0.543147     -0.005000
0.548223     -0.005037
0.553299     -0.005075
0.558376     -0.005092
0.563452     -0.005080
0.568528     -0.005130
0.573604     -0.005188
0.578680     -0.005247
0.583756     -0.005305
0.588832     -0.005347
0.593909     -0.005358
0.598985     -0.005427
0.604061     -0.005502
0.609137     -0.005578
0.614213     -0.005653
0.619289     -0.005697
0.624365     -0.005741
0.629442     -0.005816
0.634518     -0.005892
0.639594     -0.005967
0.644670     -0.006024
0.649746     -0.006059
0.654822     -0.006125
0.659898     -0.006191
0.664975     -0.006257
0.670051     -0.006303
0.675127     -0.006336
0.680203     -0.006398
0.685279     -0.006461
0.690355     -0.006523
0.695431     -0.006547
0.700508     -0.006602
0.705584     -0.006668
0.710660     -0.006734
0.715736     -0.006776
0.720812     -0.006826
0.725888     -0.006897
0.730964     -0.006969
0.736041     -0.007017
0.741117     -0.007073
0.746193     -0.007147
0.751269     -0.007220
0.756345     -0.007258
0.761421     -0.007329
0.766497     -0.007403
0.771574     -0.007463
0.776650     -0.007517
0.781726     -0.007592
0.786802     -0.007663
0.791878     -0.007709
0.796954     -0.007785
0.802030     -0.007858
0.807107     -0.007905
0.812183     -0.007980
0.817259     -0.008045
0.822335     -0.008100
0.827411     -0.008174
0.832487     -0.008223
0.837563     -0.008293
0.842640     -0.008360
0.847716     -0.008411
0.852792     -0.008481
0.857868     -0.008526
0.862944     -0.008593
0.868020     -0.008638
0.873096     -0.008703
0.878173     -0.008747
0.883249     -0.008809
0.888325     -0.008851
0.893401     -0.008909
0.898477     -0.008954
0.903553     -0.008997
0.908629     -0.009056
0.913706     -0.009099
0.918782     -0.009143
0.923858     -0.009193
0.928934     -0.009247
0.934010     -0.009292
0.939086     -0.009338
0.944162     -0.009383
0.949239     -0.009429
0.954315     -0.009476
0.959391     -0.009519
0.964467     -0.009570
0.969543     -0.009629
0.974619     -0.009689
0.979695     -0.009759
0.984772     -0.009840
0.989848     -0.009930
0.994924     -0.010035
