Airfoil_rR0.725000.txt
1.000000     0.000000
0.994924     0.001084
0.989848     0.002173
0.984772     0.003264
0.979695     0.004353
0.974619     0.005443
0.969543     0.006533
0.964467     0.007620
0.959391     0.008707
0.954315     0.009801
0.949239     0.010889
0.944162     0.011978
0.939086     0.013068
0.934010     0.014158
0.928934     0.015248
0.923858     0.016332
0.918782     0.017424
0.913706     0.018516
0.908629     0.019607
0.903553     0.020688
0.898477     0.021779
0.893401     0.022859
0.888325     0.023942
0.883249     0.025027
0.878173     0.026092
0.873096     0.027169
0.868020     0.028224
0.862944     0.029292
0.857868     0.030336
0.852792     0.031395
0.847716     0.032428
0.842640     0.033462
0.837563     0.034502
0.832487     0.035522
0.827411     0.036558
0.822335     0.037565
0.817259     0.038573
0.812183     0.039592
0.807107     0.040586
0.802030     0.041584
0.796954     0.042584
0.791878     0.043563
0.786802     0.044545
0.781726     0.045532
0.776650     0.046495
0.771574     0.047457
0.766497     0.048436
0.761421     0.049380
0.756345     0.050323
0.751269     0.051279
0.746193     0.052215
0.741117     0.053137
0.736041     0.054058
0.730964     0.055001
0.725888     0.055899
0.720812     0.056796
0.715736     0.057693
0.710660     0.058612
0.705584     0.059490
0.700508     0.060363
0.695431     0.061236
0.690355     0.062116
0.685279     0.062985
0.680203     0.063827
0.675127     0.064668
0.670051     0.065509
0.664975     0.066362
0.659898     0.067166
0.654822     0.067963
0.649746     0.068759
0.644670     0.069556
0.639594     0.070358
0.634518     0.071110
0.629442     0.071852
0.624365     0.072595
0.619289     0.073337
0.614213     0.074085
0.609137     0.074814
0.604061     0.075509
0.598985     0.076204
0.593909     0.076899
0.588832     0.077594
0.583756     0.078302
0.578680     0.078975
0.573604     0.079629
0.568528     0.080282
0.563452     0.080936
0.558376     0.081589
0.553299     0.082246
0.548223     0.082878
0.543147     0.083476
0.538071     0.084074
0.532995     0.084672
0.527919     0.085270
0.522843     0.085869
0.517766     0.086466
0.512690     0.087013
0.507614     0.087548
0.502538     0.088082
0.497462     0.088617
0.492386     0.089152
0.487310     0.089686
0.482233     0.090213
0.477157     0.090692
0.472081     0.091154
0.467005     0.091617
0.461929     0.092079
0.456853     0.092541
0.451777     0.093003
0.446701     0.093454
0.441624     0.093855
0.436548     0.094238
0.431472     0.094621
0.426396     0.095004
0.421320     0.095387
0.416244     0.095768
0.411168     0.096121
0.406091     0.096421
0.401015     0.096721
0.395939     0.097022
0.390863     0.097322
0.385787     0.097622
0.380711     0.097898
0.375635     0.098110
0.370558     0.098323
0.365482     0.098536
0.360406     0.098749
0.355330     0.098959
0.350254     0.099124
0.345178     0.099247
0.340102     0.099370
0.335025     0.099493
0.329949     0.099616
0.324873     0.099719
0.319797     0.099754
0.314721     0.099788
0.309645     0.099822
0.304569     0.099856
0.299492     0.099858
0.294416     0.099787
0.289340     0.099715
0.284264     0.099644
0.279188     0.099572
0.274112     0.099440
0.269036     0.099269
0.263959     0.099099
0.258883     0.098928
0.253807     0.098753
0.248731     0.098518
0.243655     0.098283
0.238579     0.098048
0.233503     0.097817
0.228426     0.097529
0.223350     0.097241
0.218274     0.096953
0.213198     0.096645
0.208122     0.096288
0.203046     0.095932
0.197970     0.095571
0.192893     0.095151
0.187817     0.094713
0.182741     0.094276
0.177665     0.093780
0.172589     0.093248
0.167513     0.092715
0.162437     0.092119
0.157360     0.091480
0.152284     0.090841
0.147208     0.090110
0.142132     0.089352
0.137056     0.088572
0.131980     0.087689
0.126904     0.086801
0.121827     0.085817
0.116751     0.084790
0.111675     0.083700
0.106599     0.082521
0.101523     0.081294
0.096447     0.079953
0.091371     0.078553
0.086294     0.077037
0.081218     0.075426
0.076142     0.073726
0.071066     0.071860
0.065990     0.069900
0.060914     0.067795
0.055838     0.065493
0.050761     0.063027
0.045685     0.060362
0.040609     0.057460
0.035533     0.054276
0.030457     0.050758
0.025381     0.046840
0.020305     0.042393
0.015228     0.037264
0.010152     0.031021
0.005076     0.022780
0.005076     -0.004916
0.010152     -0.008048
0.015228     -0.010253
0.020305     -0.011978
0.025381     -0.013379
0.030457     -0.014574
0.035533     -0.015590
0.040609     -0.016478
0.045685     -0.017258
0.050761     -0.017944
0.055838     -0.018551
0.060914     -0.019091
0.065990     -0.019573
0.071066     -0.020006
0.076142     -0.020398
0.081218     -0.020726
0.086294     -0.021029
0.091371     -0.021308
0.096447     -0.021532
0.101523     -0.021745
0.106599     -0.021929
0.111675     -0.022081
0.116751     -0.022231
0.121827     -0.022329
0.126904     -0.022441
0.131980     -0.022501
0.137056     -0.022571
0.142132     -0.022610
0.147208     -0.022636
0.152284     -0.022665
0.157360     -0.022661
0.162437     -0.022675
0.167513     -0.022643
0.172589     -0.022610
0.177665     -0.022588
0.182741     -0.022529
0.187817     -0.022477
0.192893     -0.022419
0.197970     -0.022335
0.203046     -0.022259
0.208122     -0.022177
0.213198     -0.022071
0.218274     -0.021965
0.223350     -0.021875
0.228426     -0.021750
0.233503     -0.021625
0.238579     -0.021526
0.243655     -0.021394
0.248731     -0.021259
0.253807     -0.021125
0.258883     -0.021037
0.263959     -0.020917
0.269036     -0.020798
0.274112     -0.020678
0.279188     -0.020595
0.284264     -0.020476
0.289340     -0.020358
0.294416     -0.020239
0.299492     -0.020146
0.304569     -0.020012
0.309645     -0.019878
0.314721     -0.019744
0.319797     -0.019617
0.324873     -0.019514
0.329949     -0.019380
0.335025     -0.019247
0.340102     -0.019113
0.345178     -0.018996
0.350254     -0.018892
0.355330     -0.018764
0.360406     -0.018636
0.365482     -0.018508
0.370558     -0.018384
0.375635     -0.018295
0.380711     -0.018170
0.385787     -0.018045
0.390863     -0.017919
0.395939     -0.017794
0.401015     -0.017697
0.406091     -0.017598
0.411168     -0.017481
0.416244     -0.017365
0.421320     -0.017248
0.426396     -0.017131
0.431472     -0.017044
0.436548     -0.016956
0.441624     -0.016849
0.446701     -0.016743
0.451777     -0.016636
0.456853     -0.016530
0.461929     -0.016430
0.467005     -0.016373
0.472081     -0.016278
0.477157     -0.016183
0.482233     -0.016087
0.487310     -0.015992
0.492386     -0.015897
0.497462     -0.015816
0.502538     -0.015767
0.507614     -0.015686
0.512690     -0.015605
0.517766     -0.015524
0.522843     -0.015444
0.527919     -0.015363
0.532995     -0.015303
0.538071     -0.015256
0.543147     -0.015187
0.548223     -0.015119
0.553299     -0.015050
0.558376     -0.014981
0.563452     -0.014912
0.568528     -0.014893
0.573604     -0.014840
0.578680     -0.014787
0.583756     -0.014733
0.588832     -0.014680
0.593909     -0.014627
0.598985     -0.014618
0.604061     -0.014578
0.609137     -0.014538
0.614213     -0.014498
0.619289     -0.014457
0.624365     -0.014432
0.629442     -0.014402
0.634518     -0.014359
0.639594     -0.014316
0.644670     -0.014273
0.649746     -0.014236
0.654822     -0.014200
0.659898     -0.014145
0.664975     -0.014090
0.670051     -0.014036
0.675127     -0.013993
0.680203     -0.013944
0.685279     -0.013885
0.690355     -0.013825
0.695431     -0.013765
0.700508     -0.013731
0.705584     -0.013675
0.710660     -0.013619
0.715736     -0.013563
0.720812     -0.013531
0.725888     -0.013481
0.730964     -0.013431
0.736041     -0.013380
0.741117     -0.013351
0.746193     -0.013302
0.751269     -0.013253
0.756345     -0.013204
0.761421     -0.013175
0.766497     -0.013128
0.771574     -0.013080
0.776650     -0.013051
0.781726     -0.013005
0.786802     -0.012959
0.791878     -0.012927
0.796954     -0.012886
0.802030     -0.012841
0.807107     -0.012812
0.812183     -0.012770
0.817259     -0.012726
0.822335     -0.012698
0.827411     -0.012655
0.832487     -0.012611
0.837563     -0.012582
0.842640     -0.012539
0.847716     -0.012508
0.852792     -0.012464
0.857868     -0.012432
0.862944     -0.012388
0.868020     -0.012351
0.873096     -0.012309
0.878173     -0.012273
0.883249     -0.012229
0.888325     -0.012194
0.893401     -0.012149
0.898477     -0.012114
0.903553     -0.012074
0.908629     -0.012038
0.913706     -0.012006
0.918782     -0.011975
0.923858     -0.011937
0.928934     -0.011910
0.934010     -0.011883
0.939086     -0.011856
0.944162     -0.011829
0.949239     -0.011803
0.954315     -0.011778
0.959391     -0.011757
0.964467     -0.011747
0.969543     -0.011739
0.974619     -0.011745
0.979695     -0.011762
0.984772     -0.011794
0.989848     -0.011841
0.994924     -0.011908
