Airfoil_rR0.925000.txt
1.000000     0.000000
0.994924     0.001141
0.989848     0.002278
0.984772     0.003419
0.979695     0.004556
0.974619     0.005695
0.969543     0.006828
0.964467     0.007970
0.959391     0.009105
0.954315     0.010240
0.949239     0.011380
0.944162     0.012519
0.939086     0.013656
0.934010     0.014790
0.928934     0.015928
0.923858     0.017069
0.918782     0.018211
0.913706     0.019348
0.908629     0.020478
0.903553     0.021623
0.898477     0.022760
0.893401     0.023892
0.888325     0.025040
0.883249     0.026163
0.878173     0.027313
0.873096     0.028436
0.868020     0.029588
0.862944     0.030711
0.857868     0.031865
0.852792     0.032988
0.847716     0.034144
0.842640     0.035267
0.837563     0.036412
0.832487     0.037550
0.827411     0.038673
0.822335     0.039835
0.817259     0.040959
0.812183     0.042094
0.807107     0.043247
0.802030     0.044370
0.796954     0.045511
0.791878     0.046661
0.786802     0.047785
0.781726     0.048921
0.776650     0.050078
0.771574     0.051201
0.766497     0.052324
0.761421     0.053494
0.756345     0.054621
0.751269     0.055744
0.746193     0.056887
0.741117     0.058044
0.736041     0.059167
0.730964     0.060290
0.725888     0.061444
0.720812     0.062595
0.715736     0.063718
0.710660     0.064842
0.705584     0.065992
0.700508     0.067151
0.695431     0.068274
0.690355     0.069397
0.685279     0.070529
0.680203     0.071702
0.675127     0.072836
0.670051     0.073961
0.664975     0.075086
0.659898     0.076238
0.654822     0.077414
0.649746     0.078545
0.644670     0.079675
0.639594     0.080806
0.634518     0.081962
0.629442     0.083146
0.624365     0.084287
0.619289     0.085424
0.614213     0.086561
0.609137     0.087703
0.604061     0.088884
0.598985     0.090044
0.593909     0.091177
0.588832     0.092309
0.583756     0.093442
0.578680     0.094582
0.573604     0.095735
0.568528     0.096861
0.563452     0.097962
0.558376     0.099064
0.553299     0.100165
0.548223     0.101267
0.543147     0.102366
0.538071     0.103453
0.532995     0.104499
0.527919     0.105545
0.522843     0.106591
0.517766     0.107637
0.512690     0.108673
0.507614     0.109698
0.502538     0.110701
0.497462     0.111676
0.492386     0.112650
0.487310     0.113624
0.482233     0.114599
0.477157     0.115558
0.472081     0.116493
0.467005     0.117414
0.461929     0.118299
0.456853     0.119185
0.451777     0.120071
0.446701     0.120956
0.441624     0.121831
0.436548     0.122662
0.431472     0.123481
0.426396     0.124266
0.421320     0.125050
0.416244     0.125835
0.411168     0.126620
0.406091     0.127371
0.401015     0.128090
0.395939     0.128780
0.390863     0.129455
0.385787     0.130131
0.380711     0.130806
0.375635     0.131464
0.370558     0.132063
0.365482     0.132641
0.360406     0.133199
0.355330     0.133758
0.350254     0.134316
0.345178     0.134844
0.340102     0.135316
0.335025     0.135761
0.329949     0.136196
0.324873     0.136632
0.319797     0.137068
0.314721     0.137419
0.309645     0.137745
0.304569     0.138050
0.299492     0.138356
0.294416     0.138661
0.289340     0.138885
0.284264     0.139070
0.279188     0.139236
0.274112     0.139402
0.269036     0.139568
0.263959     0.139642
0.258883     0.139691
0.253807     0.139731
0.248731     0.139771
0.243655     0.139794
0.238579     0.139790
0.233503     0.139763
0.228426     0.139736
0.223350     0.139703
0.218274     0.139651
0.213198     0.139575
0.208122     0.139498
0.203046     0.139395
0.197970     0.139243
0.192893     0.139075
0.187817     0.138907
0.182741     0.138667
0.177665     0.138388
0.172589     0.138104
0.167513     0.137774
0.162437     0.137358
0.157360     0.136934
0.152284     0.136476
0.147208     0.135892
0.142132     0.135304
0.137056     0.134661
0.131980     0.133883
0.126904     0.133106
0.121827     0.132202
0.116751     0.131211
0.111675     0.130211
0.106599     0.128971
0.101523     0.127747
0.096447     0.126313
0.091371     0.124831
0.086294     0.123157
0.081218     0.121393
0.076142     0.119407
0.071066     0.117336
0.065990     0.114959
0.060914     0.112482
0.055838     0.109696
0.050761     0.106628
0.045685     0.103294
0.040609     0.099648
0.035533     0.095569
0.030457     0.090963
0.025381     0.085734
0.020305     0.079809
0.015228     0.072775
0.010152     0.064215
0.005076     0.052595
0.005076     0.005065
0.010152     -0.002979
0.015228     -0.008991
0.020305     -0.013969
0.025381     -0.018187
0.030457     -0.021936
0.035533     -0.025298
0.040609     -0.028340
0.045685     -0.031117
0.050761     -0.033674
0.055838     -0.036051
0.060914     -0.038279
0.065990     -0.040320
0.071066     -0.042237
0.076142     -0.044070
0.081218     -0.045739
0.086294     -0.047341
0.091371     -0.048839
0.096447     -0.050251
0.101523     -0.051590
0.106599     -0.052847
0.111675     -0.054038
0.116751     -0.055168
0.121827     -0.056218
0.126904     -0.057244
0.131980     -0.058166
0.137056     -0.059075
0.142132     -0.059915
0.147208     -0.060705
0.152284     -0.061473
0.157360     -0.062164
0.162437     -0.062834
0.167513     -0.063474
0.172589     -0.064042
0.177665     -0.064597
0.182741     -0.065124
0.187817     -0.065589
0.192893     -0.066036
0.197970     -0.066465
0.203046     -0.066845
0.208122     -0.067188
0.213198     -0.067530
0.218274     -0.067833
0.223350     -0.068091
0.228426     -0.068336
0.233503     -0.068577
0.238579     -0.068774
0.243655     -0.068931
0.248731     -0.069083
0.253807     -0.069234
0.258883     -0.069335
0.263959     -0.069408
0.269036     -0.069471
0.274112     -0.069534
0.279188     -0.069564
0.284264     -0.069567
0.289340     -0.069546
0.294416     -0.069525
0.299492     -0.069505
0.304569     -0.069434
0.309645     -0.069348
0.314721     -0.069249
0.319797     -0.069150
0.324873     -0.069051
0.329949     -0.068901
0.335025     -0.068741
0.340102     -0.068568
0.345178     -0.068395
0.350254     -0.068222
0.355330     -0.068018
0.360406     -0.067795
0.365482     -0.067555
0.370558     -0.067314
0.375635     -0.067073
0.380711     -0.066833
0.385787     -0.066549
0.390863     -0.066258
0.395939     -0.065955
0.401015     -0.065652
0.406091     -0.065349
0.411168     -0.065046
0.416244     -0.064709
0.421320     -0.064359
0.426396     -0.064001
0.431472     -0.063642
0.436548     -0.063283
0.441624     -0.062924
0.446701     -0.062559
0.451777     -0.062155
0.456853     -0.061751
0.461929     -0.061342
0.467005     -0.060934
0.472081     -0.060525
0.477157     -0.060117
0.482233     -0.059705
0.487310     -0.059258
0.492386     -0.058811
0.497462     -0.058363
0.502538     -0.057914
0.507614     -0.057466
0.512690     -0.057017
0.517766     -0.056568
0.522843     -0.056089
0.527919     -0.055610
0.532995     -0.055132
0.538071     -0.054655
0.543147     -0.054177
0.548223     -0.053699
0.553299     -0.053211
0.558376     -0.052711
0.563452     -0.052214
0.568528     -0.051718
0.573604     -0.051222
0.578680     -0.050726
0.583756     -0.050226
0.588832     -0.049717
0.593909     -0.049211
0.598985     -0.048707
0.604061     -0.048202
0.609137     -0.047698
0.614213     -0.047185
0.619289     -0.046666
0.624365     -0.046153
0.629442     -0.045639
0.634518     -0.045125
0.639594     -0.044605
0.644670     -0.044065
0.649746     -0.043530
0.654822     -0.042997
0.659898     -0.042464
0.664975     -0.041925
0.670051     -0.041374
0.675127     -0.040831
0.680203     -0.040288
0.685279     -0.039745
0.690355     -0.039200
0.695431     -0.038657
0.700508     -0.038120
0.705584     -0.037582
0.710660     -0.037046
0.715736     -0.036515
0.720812     -0.035991
0.725888     -0.035468
0.730964     -0.034945
0.736041     -0.034428
0.741117     -0.033918
0.746193     -0.033407
0.751269     -0.032901
0.756345     -0.032401
0.761421     -0.031907
0.766497     -0.031412
0.771574     -0.030928
0.776650     -0.030451
0.781726     -0.029975
0.786802     -0.029508
0.791878     -0.029050
0.796954     -0.028594
0.802030     -0.028147
0.807107     -0.027711
0.812183     -0.027277
0.817259     -0.026854
0.822335     -0.026442
0.827411     -0.026031
0.832487     -0.025638
0.837563     -0.025248
0.842640     -0.024869
0.847716     -0.024501
0.852792     -0.024139
0.857868     -0.023793
0.862944     -0.023451
0.868020     -0.023127
0.873096     -0.022807
0.878173     -0.022506
0.883249     -0.022212
0.888325     -0.021936
0.893401     -0.021672
0.898477     -0.021422
0.903553     -0.021192
0.908629     -0.020974
0.913706     -0.020774
0.918782     -0.020594
0.923858     -0.020431
0.928934     -0.020285
0.934010     -0.020157
0.939086     -0.020046
0.944162     -0.019954
0.949239     -0.019879
0.954315     -0.019828
0.959391     -0.019802
0.964467     -0.019802
0.969543     -0.019836
0.974619     -0.019905
0.979695     -0.020017
0.984772     -0.020172
0.989848     -0.020377
0.994924     -0.020629
