Airfoil_rR0.700000.txt
1.000000     0.000000
0.994924     0.001099
0.989848     0.002199
0.984772     0.003302
0.979695     0.004401
0.974619     0.005503
0.969543     0.006603
0.964467     0.007704
0.959391     0.008801
0.954315     0.009909
0.949239     0.011012
0.944162     0.012113
0.939086     0.013215
0.934010     0.014317
0.928934     0.015413
0.923858     0.016505
0.918782     0.017607
0.913706     0.018709
0.908629     0.019803
0.903553     0.020888
0.898477     0.021986
0.893401     0.023064
0.888325     0.024150
0.883249     0.025236
0.878173     0.026298
0.873096     0.027381
0.868020     0.028427
0.862944     0.029500
0.857868     0.030535
0.852792     0.031590
0.847716     0.032624
0.842640     0.033651
0.837563     0.034693
0.832487     0.035703
0.827411     0.036744
0.822335     0.037741
0.817259     0.038736
0.812183     0.039762
0.807107     0.040743
0.802030     0.041731
0.796954     0.042735
0.791878     0.043699
0.786802     0.044670
0.781726     0.045662
0.776650     0.046610
0.771574     0.047557
0.766497     0.048544
0.761421     0.049472
0.756345     0.050399
0.751269     0.051344
0.746193     0.052284
0.741117     0.053189
0.736041     0.054094
0.730964     0.055025
0.725888     0.055928
0.720812     0.056807
0.715736     0.057687
0.710660     0.058592
0.705584     0.059476
0.700508     0.060330
0.695431     0.061184
0.690355     0.062049
0.685279     0.062927
0.680203     0.063748
0.675127     0.064569
0.670051     0.065391
0.664975     0.066227
0.659898     0.067039
0.654822     0.067815
0.649746     0.068591
0.644670     0.069366
0.639594     0.070151
0.634518     0.070912
0.629442     0.071632
0.624365     0.072352
0.619289     0.073072
0.614213     0.073800
0.609137     0.074541
0.604061     0.075213
0.598985     0.075885
0.593909     0.076556
0.588832     0.077227
0.583756     0.077917
0.578680     0.078603
0.573604     0.079231
0.568528     0.079860
0.563452     0.080488
0.558376     0.081117
0.553299     0.081753
0.548223     0.082395
0.543147     0.082974
0.538071     0.083547
0.532995     0.084120
0.527919     0.084693
0.522843     0.085266
0.517766     0.085844
0.512690     0.086408
0.507614     0.086918
0.502538     0.087428
0.497462     0.087938
0.492386     0.088448
0.487310     0.088958
0.482233     0.089465
0.477157     0.089962
0.472081     0.090399
0.467005     0.090837
0.461929     0.091275
0.456853     0.091713
0.451777     0.092151
0.446701     0.092581
0.441624     0.092997
0.436548     0.093356
0.431472     0.093716
0.426396     0.094076
0.421320     0.094435
0.416244     0.094793
0.411168     0.095138
0.406091     0.095439
0.401015     0.095717
0.395939     0.095995
0.390863     0.096274
0.385787     0.096552
0.380711     0.096811
0.375635     0.097031
0.370558     0.097223
0.365482     0.097416
0.360406     0.097609
0.355330     0.097796
0.350254     0.097966
0.345178     0.098076
0.340102     0.098181
0.335025     0.098285
0.329949     0.098390
0.324873     0.098475
0.319797     0.098518
0.314721     0.098536
0.309645     0.098554
0.304569     0.098572
0.299492     0.098556
0.294416     0.098490
0.289340     0.098404
0.284264     0.098318
0.279188     0.098227
0.274112     0.098101
0.269036     0.097917
0.263959     0.097733
0.258883     0.097548
0.253807     0.097363
0.248731     0.097130
0.243655     0.096884
0.238579     0.096637
0.233503     0.096396
0.228426     0.096112
0.223350     0.095813
0.218274     0.095514
0.213198     0.095209
0.208122     0.094845
0.203046     0.094480
0.197970     0.094109
0.192893     0.093693
0.187817     0.093250
0.182741     0.092806
0.177665     0.092312
0.172589     0.091777
0.167513     0.091242
0.162437     0.090645
0.157360     0.090007
0.152284     0.089362
0.147208     0.088638
0.142132     0.087886
0.137056     0.087100
0.131980     0.086230
0.126904     0.085352
0.121827     0.084368
0.116751     0.083353
0.111675     0.082263
0.106599     0.081100
0.101523     0.079873
0.096447     0.078553
0.091371     0.077156
0.086294     0.075669
0.081218     0.074065
0.076142     0.072390
0.071066     0.070546
0.065990     0.068602
0.060914     0.066532
0.055838     0.064270
0.050761     0.061836
0.045685     0.059210
0.040609     0.056354
0.035533     0.053224
0.030457     0.049767
0.025381     0.045924
0.020305     0.041535
0.015228     0.036501
0.010152     0.030401
0.005076     0.022347
0.005076     -0.004692
0.010152     -0.007693
0.015228     -0.009783
0.020305     -0.011382
0.025381     -0.012668
0.030457     -0.013750
0.035533     -0.014650
0.040609     -0.015418
0.045685     -0.016080
0.050761     -0.016651
0.055838     -0.017144
0.060914     -0.017573
0.065990     -0.017946
0.071066     -0.018272
0.076142     -0.018542
0.081218     -0.018760
0.086294     -0.018964
0.091371     -0.019138
0.096447     -0.019250
0.101523     -0.019372
0.106599     -0.019433
0.111675     -0.019505
0.116751     -0.019540
0.121827     -0.019561
0.126904     -0.019563
0.131980     -0.019552
0.137056     -0.019515
0.142132     -0.019492
0.147208     -0.019419
0.152284     -0.019389
0.157360     -0.019292
0.162437     -0.019229
0.167513     -0.019135
0.172589     -0.019018
0.177665     -0.018953
0.182741     -0.018819
0.187817     -0.018688
0.192893     -0.018603
0.197970     -0.018455
0.203046     -0.018311
0.208122     -0.018214
0.213198     -0.018056
0.218274     -0.017899
0.223350     -0.017800
0.228426     -0.017638
0.233503     -0.017476
0.238579     -0.017345
0.243655     -0.017221
0.248731     -0.017066
0.253807     -0.016911
0.258883     -0.016819
0.263959     -0.016700
0.269036     -0.016567
0.274112     -0.016434
0.279188     -0.016354
0.284264     -0.016240
0.289340     -0.016112
0.294416     -0.015984
0.299492     -0.015884
0.304569     -0.015775
0.309645     -0.015636
0.314721     -0.015498
0.319797     -0.015364
0.324873     -0.015286
0.329949     -0.015159
0.335025     -0.015026
0.340102     -0.014893
0.345178     -0.014773
0.350254     -0.014703
0.355330     -0.014582
0.360406     -0.014459
0.365482     -0.014335
0.370558     -0.014213
0.375635     -0.014148
0.380711     -0.014049
0.385787     -0.013933
0.390863     -0.013817
0.395939     -0.013701
0.401015     -0.013612
0.406091     -0.013557
0.411168     -0.013454
0.416244     -0.013351
0.421320     -0.013247
0.426396     -0.013143
0.431472     -0.013068
0.436548     -0.013026
0.441624     -0.012940
0.446701     -0.012851
0.451777     -0.012761
0.456853     -0.012671
0.461929     -0.012585
0.467005     -0.012556
0.472081     -0.012508
0.477157     -0.012433
0.482233     -0.012358
0.487310     -0.012284
0.492386     -0.012209
0.497462     -0.012146
0.502538     -0.012133
0.507614     -0.012096
0.512690     -0.012039
0.517766     -0.011982
0.522843     -0.011925
0.527919     -0.011867
0.532995     -0.011830
0.538071     -0.011829
0.543147     -0.011796
0.548223     -0.011753
0.553299     -0.011711
0.558376     -0.011668
0.563452     -0.011626
0.568528     -0.011638
0.573604     -0.011635
0.578680     -0.011610
0.583756     -0.011585
0.588832     -0.011560
0.593909     -0.011535
0.598985     -0.011563
0.604061     -0.011568
0.609137     -0.011558
0.614213     -0.011548
0.619289     -0.011537
0.624365     -0.011542
0.629442     -0.011565
0.634518     -0.011553
0.639594     -0.011541
0.644670     -0.011529
0.649746     -0.011522
0.654822     -0.011539
0.659898     -0.011516
0.664975     -0.011493
0.670051     -0.011471
0.675127     -0.011459
0.680203     -0.011462
0.685279     -0.011435
0.690355     -0.011407
0.695431     -0.011380
0.700508     -0.011387
0.705584     -0.011372
0.710660     -0.011348
0.715736     -0.011325
0.720812     -0.011327
0.725888     -0.011324
0.730964     -0.011306
0.736041     -0.011288
0.741117     -0.011297
0.746193     -0.011290
0.751269     -0.011273
0.756345     -0.011257
0.761421     -0.011274
0.766497     -0.011258
0.771574     -0.011243
0.776650     -0.011249
0.781726     -0.011244
0.786802     -0.011230
0.791878     -0.011230
0.796954     -0.011232
0.802030     -0.011219
0.807107     -0.011220
0.812183     -0.011221
0.817259     -0.011208
0.822335     -0.011218
0.827411     -0.011208
0.832487     -0.011194
0.837563     -0.011205
0.842640     -0.011191
0.847716     -0.011199
0.852792     -0.011183
0.857868     -0.011180
0.862944     -0.011172
0.868020     -0.011163
0.873096     -0.011157
0.878173     -0.011148
0.883249     -0.011138
0.888325     -0.011135
0.893401     -0.011118
0.898477     -0.011115
0.903553     -0.011099
0.908629     -0.011094
0.913706     -0.011092
0.918782     -0.011083
0.923858     -0.011073
0.928934     -0.011072
0.934010     -0.011071
0.939086     -0.011069
0.944162     -0.011066
0.949239     -0.011063
0.954315     -0.011060
0.959391     -0.011060
0.964467     -0.011073
0.969543     -0.011083
0.974619     -0.011109
0.979695     -0.011144
0.984772     -0.011191
0.989848     -0.011252
0.994924     -0.011332
