Airfoil_rR0.375000.txt
1.000000     0.000000
0.994924     0.001257
0.989848     0.002509
0.984772     0.003756
0.979695     0.004995
0.974619     0.006229
0.969543     0.007455
0.964467     0.008667
0.959391     0.009875
0.954315     0.011074
0.949239     0.012259
0.944162     0.013434
0.939086     0.014599
0.934010     0.015755
0.928934     0.016900
0.923858     0.018029
0.918782     0.019145
0.913706     0.020257
0.908629     0.021359
0.903553     0.022439
0.898477     0.023515
0.893401     0.024582
0.888325     0.025627
0.883249     0.026675
0.878173     0.027696
0.873096     0.028718
0.868020     0.029717
0.862944     0.030717
0.857868     0.031691
0.852792     0.032670
0.847716     0.033619
0.842640     0.034571
0.837563     0.035502
0.832487     0.036425
0.827411     0.037342
0.822335     0.038235
0.817259     0.039129
0.812183     0.040006
0.807107     0.040870
0.802030     0.041733
0.796954     0.042574
0.791878     0.043406
0.786802     0.044236
0.781726     0.045047
0.776650     0.045845
0.771574     0.046641
0.766497     0.047425
0.761421     0.048189
0.756345     0.048949
0.751269     0.049704
0.746193     0.050435
0.741117     0.051159
0.736041     0.051877
0.730964     0.052589
0.725888     0.053273
0.720812     0.053956
0.715736     0.054631
0.710660     0.055302
0.705584     0.055948
0.700508     0.056589
0.695431     0.057223
0.690355     0.057847
0.685279     0.058456
0.680203     0.059050
0.675127     0.059643
0.670051     0.060213
0.664975     0.060777
0.659898     0.061318
0.654822     0.061852
0.649746     0.062387
0.644670     0.062883
0.639594     0.063377
0.634518     0.063848
0.629442     0.064312
0.624365     0.064776
0.619289     0.065214
0.614213     0.065639
0.609137     0.066055
0.604061     0.066450
0.598985     0.066846
0.593909     0.067241
0.588832     0.067611
0.583756     0.067980
0.578680     0.068335
0.573604     0.068676
0.568528     0.069016
0.563452     0.069357
0.558376     0.069663
0.553299     0.069967
0.548223     0.070264
0.543147     0.070540
0.538071     0.070816
0.532995     0.071092
0.527919     0.071347
0.522843     0.071579
0.517766     0.071812
0.512690     0.072028
0.507614     0.072232
0.502538     0.072437
0.497462     0.072641
0.492386     0.072822
0.487310     0.072980
0.482233     0.073138
0.477157     0.073279
0.472081     0.073409
0.467005     0.073540
0.461929     0.073670
0.456853     0.073775
0.451777     0.073857
0.446701     0.073940
0.441624     0.074000
0.436548     0.074056
0.431472     0.074111
0.426396     0.074165
0.421320     0.074175
0.416244     0.074185
0.411168     0.074181
0.406091     0.074165
0.401015     0.074149
0.395939     0.074132
0.390863     0.074072
0.385787     0.074010
0.380711     0.073932
0.375635     0.073845
0.370558     0.073758
0.365482     0.073656
0.360406     0.073522
0.355330     0.073385
0.350254     0.073227
0.345178     0.073069
0.340102     0.072909
0.335025     0.072710
0.329949     0.072510
0.324873     0.072287
0.319797     0.072064
0.314721     0.071836
0.309645     0.071567
0.304569     0.071294
0.299492     0.071003
0.294416     0.070712
0.289340     0.070393
0.284264     0.070047
0.279188     0.069685
0.274112     0.069318
0.269036     0.068943
0.263959     0.068543
0.258883     0.068129
0.253807     0.067708
0.248731     0.067284
0.243655     0.066856
0.238579     0.066413
0.233503     0.065963
0.228426     0.065512
0.223350     0.065057
0.218274     0.064584
0.213198     0.064110
0.208122     0.063623
0.203046     0.063123
0.197970     0.062617
0.192893     0.062093
0.187817     0.061555
0.182741     0.061008
0.177665     0.060439
0.172589     0.059853
0.167513     0.059260
0.162437     0.058633
0.157360     0.057990
0.152284     0.057329
0.147208     0.056636
0.142132     0.055934
0.137056     0.055184
0.131980     0.054418
0.126904     0.053614
0.121827     0.052783
0.116751     0.051914
0.111675     0.051010
0.106599     0.050064
0.101523     0.049083
0.096447     0.048044
0.091371     0.046975
0.086294     0.045831
0.081218     0.044642
0.076142     0.043404
0.071066     0.042074
0.065990     0.040678
0.060914     0.039207
0.055838     0.037649
0.050761     0.035990
0.045685     0.034217
0.040609     0.032313
0.035533     0.030259
0.030457     0.028036
0.025381     0.025602
0.020305     0.022883
0.015228     0.019798
0.010152     0.016166
0.005076     0.011492
0.005076     -0.005316
0.010152     -0.007213
0.015228     -0.008298
0.020305     -0.008949
0.025381     -0.009311
0.030457     -0.009462
0.035533     -0.009455
0.040609     -0.009327
0.045685     -0.009094
0.050761     -0.008776
0.055838     -0.008384
0.060914     -0.007929
0.065990     -0.007421
0.071066     -0.006868
0.076142     -0.006274
0.081218     -0.005650
0.086294     -0.004996
0.091371     -0.004317
0.096447     -0.003621
0.101523     -0.002905
0.106599     -0.002176
0.111675     -0.001439
0.116751     -0.000689
0.121827     0.000058
0.126904     0.000819
0.131980     0.001569
0.137056     0.002332
0.142132     0.003080
0.147208     0.003834
0.152284     0.004579
0.157360     0.005313
0.162437     0.006056
0.167513     0.006756
0.172589     0.007475
0.177665     0.008169
0.182741     0.008838
0.187817     0.009521
0.192893     0.010155
0.197970     0.010777
0.203046     0.011410
0.208122     0.011981
0.213198     0.012538
0.218274     0.013107
0.223350     0.013622
0.228426     0.014095
0.233503     0.014588
0.238579     0.015065
0.243655     0.015449
0.248731     0.015847
0.253807     0.016253
0.258883     0.016618
0.263959     0.016939
0.269036     0.017278
0.274112     0.017621
0.279188     0.017936
0.284264     0.018226
0.289340     0.018535
0.294416     0.018849
0.299492     0.019147
0.304569     0.019414
0.309645     0.019691
0.314721     0.019981
0.319797     0.020271
0.324873     0.020511
0.329949     0.020740
0.335025     0.020988
0.340102     0.021240
0.345178     0.021492
0.350254     0.021682
0.355330     0.021869
0.360406     0.022075
0.365482     0.022286
0.370558     0.022496
0.375635     0.022657
0.380711     0.022804
0.385787     0.022961
0.390863     0.023130
0.395939     0.023300
0.401015     0.023455
0.406091     0.023555
0.411168     0.023654
0.416244     0.023771
0.421320     0.023893
0.426396     0.024016
0.431472     0.024122
0.436548     0.024173
0.441624     0.024223
0.446701     0.024286
0.451777     0.024360
0.456853     0.024433
0.461929     0.024506
0.467005     0.024518
0.472081     0.024516
0.477157     0.024515
0.482233     0.024536
0.487310     0.024557
0.492386     0.024579
0.497462     0.024600
0.502538     0.024547
0.507614     0.024490
0.512690     0.024437
0.517766     0.024404
0.522843     0.024370
0.527919     0.024337
0.532995     0.024297
0.538071     0.024191
0.543147     0.024085
0.548223     0.023990
0.553299     0.023908
0.558376     0.023825
0.563452     0.023743
0.568528     0.023609
0.573604     0.023454
0.578680     0.023304
0.583756     0.023171
0.588832     0.023039
0.593909     0.022906
0.598985     0.022725
0.604061     0.022525
0.609137     0.022336
0.614213     0.022159
0.619289     0.021983
0.624365     0.021799
0.629442     0.021575
0.634518     0.021351
0.639594     0.021150
0.644670     0.020949
0.649746     0.020748
0.654822     0.020511
0.659898     0.020273
0.664975     0.020057
0.670051     0.019841
0.675127     0.019621
0.680203     0.019364
0.685279     0.019112
0.690355     0.018877
0.695431     0.018643
0.700508     0.018380
0.705584     0.018097
0.710660     0.017834
0.715736     0.017574
0.720812     0.017296
0.725888     0.016988
0.730964     0.016697
0.736041     0.016412
0.741117     0.016108
0.746193     0.015781
0.751269     0.015475
0.756345     0.015170
0.761421     0.014835
0.766497     0.014499
0.771574     0.014177
0.776650     0.013840
0.781726     0.013480
0.786802     0.013141
0.791878     0.012796
0.796954     0.012419
0.802030     0.012064
0.807107     0.011703
0.812183     0.011314
0.817259     0.010946
0.822335     0.010565
0.827411     0.010171
0.832487     0.009792
0.837563     0.009387
0.842640     0.008994
0.847716     0.008593
0.852792     0.008184
0.857868     0.007782
0.862944     0.007362
0.868020     0.006956
0.873096     0.006528
0.878173     0.006114
0.883249     0.005682
0.888325     0.005257
0.893401     0.004823
0.898477     0.004384
0.903553     0.003952
0.908629     0.003504
0.913706     0.003056
0.918782     0.002611
0.923858     0.002156
0.928934     0.001697
0.934010     0.001235
0.939086     0.000771
0.944162     0.000305
0.949239     -0.000163
0.954315     -0.000633
0.959391     -0.001107
0.964467     -0.001588
0.969543     -0.002073
0.974619     -0.002566
0.979695     -0.003063
0.984772     -0.003571
0.989848     -0.004084
0.994924     -0.004609
