Airfoil_rR0.600000.txt
1.000000     0.000000
0.994924     0.001179
0.989848     0.002358
0.984772     0.003543
0.979695     0.004725
0.974619     0.005907
0.969543     0.007085
0.964467     0.008267
0.959391     0.009440
0.954315     0.010618
0.949239     0.011792
0.944162     0.012961
0.939086     0.014125
0.934010     0.015282
0.928934     0.016432
0.923858     0.017575
0.918782     0.018720
0.913706     0.019861
0.908629     0.020978
0.903553     0.022093
0.898477     0.023216
0.893401     0.024306
0.888325     0.025410
0.883249     0.026492
0.878173     0.027570
0.873096     0.028645
0.868020     0.029704
0.862944     0.030764
0.857868     0.031813
0.852792     0.032850
0.847716     0.033894
0.842640     0.034900
0.837563     0.035937
0.832487     0.036923
0.827411     0.037934
0.822335     0.038935
0.817259     0.039896
0.812183     0.040892
0.807107     0.041855
0.802030     0.042802
0.796954     0.043775
0.791878     0.044711
0.786802     0.045634
0.781726     0.046584
0.776650     0.047506
0.771574     0.048393
0.766497     0.049317
0.761421     0.050241
0.756345     0.051094
0.751269     0.051976
0.746193     0.052871
0.741117     0.053740
0.736041     0.054562
0.730964     0.055424
0.725888     0.056288
0.720812     0.057116
0.715736     0.057905
0.710660     0.058736
0.705584     0.059569
0.700508     0.060381
0.695431     0.061137
0.690355     0.061919
0.685279     0.062714
0.680203     0.063510
0.675127     0.064243
0.670051     0.064960
0.664975     0.065705
0.659898     0.066450
0.654822     0.067194
0.649746     0.067860
0.644670     0.068527
0.639594     0.069210
0.634518     0.069893
0.629442     0.070577
0.624365     0.071194
0.619289     0.071796
0.614213     0.072419
0.609137     0.073047
0.604061     0.073675
0.598985     0.074282
0.593909     0.074827
0.588832     0.075374
0.583756     0.075956
0.578680     0.076537
0.573604     0.077119
0.568528     0.077676
0.563452     0.078172
0.558376     0.078668
0.553299     0.079189
0.548223     0.079712
0.543147     0.080235
0.538071     0.080757
0.532995     0.081202
0.527919     0.081637
0.522843     0.082081
0.517766     0.082538
0.512690     0.082994
0.507614     0.083451
0.502538     0.083904
0.497462     0.084273
0.492386     0.084641
0.487310     0.085015
0.482233     0.085399
0.477157     0.085783
0.472081     0.086167
0.467005     0.086550
0.461929     0.086846
0.456853     0.087141
0.451777     0.087440
0.446701     0.087746
0.441624     0.088052
0.436548     0.088358
0.431472     0.088643
0.426396     0.088860
0.421320     0.089076
0.416244     0.089300
0.411168     0.089528
0.406091     0.089755
0.401015     0.089982
0.395939     0.090128
0.390863     0.090265
0.385787     0.090407
0.380711     0.090553
0.375635     0.090699
0.370558     0.090843
0.365482     0.090899
0.360406     0.090955
0.355330     0.091016
0.350254     0.091077
0.345178     0.091139
0.340102     0.091155
0.335025     0.091127
0.329949     0.091103
0.324873     0.091085
0.319797     0.091067
0.314721     0.091015
0.309645     0.090908
0.304569     0.090798
0.299492     0.090686
0.294416     0.090573
0.289340     0.090409
0.284264     0.090209
0.279188     0.090003
0.274112     0.089796
0.269036     0.089578
0.263959     0.089283
0.258883     0.089003
0.253807     0.088740
0.248731     0.088477
0.243655     0.088129
0.238579     0.087799
0.233503     0.087498
0.228426     0.087191
0.223350     0.086804
0.218274     0.086442
0.213198     0.086094
0.208122     0.085706
0.203046     0.085278
0.197970     0.084869
0.192893     0.084454
0.187817     0.083965
0.182741     0.083483
0.177665     0.083001
0.172589     0.082446
0.167513     0.081882
0.162437     0.081315
0.157360     0.080675
0.152284     0.080015
0.147208     0.079333
0.142132     0.078591
0.137056     0.077825
0.131980     0.077007
0.126904     0.076134
0.121827     0.075228
0.116751     0.074252
0.111675     0.073235
0.106599     0.072142
0.101523     0.070996
0.096447     0.069766
0.091371     0.068473
0.086294     0.067082
0.081218     0.065625
0.076142     0.064045
0.071066     0.062372
0.065990     0.060593
0.060914     0.058667
0.055838     0.056606
0.050761     0.054396
0.045685     0.052010
0.040609     0.049414
0.035533     0.046571
0.030457     0.043437
0.025381     0.039963
0.020305     0.036038
0.015228     0.031517
0.010152     0.026047
0.005076     0.018875
0.005076     -0.005659
0.010152     -0.008346
0.015228     -0.010087
0.020305     -0.011309
0.025381     -0.012208
0.030457     -0.012865
0.035533     -0.013345
0.040609     -0.013689
0.045685     -0.013912
0.050761     -0.014032
0.055838     -0.014075
0.060914     -0.014045
0.065990     -0.013946
0.071066     -0.013791
0.076142     -0.013588
0.081218     -0.013376
0.086294     -0.013101
0.091371     -0.012775
0.096447     -0.012471
0.101523     -0.012103
0.106599     -0.011717
0.111675     -0.011350
0.116751     -0.010906
0.121827     -0.010535
0.126904     -0.010063
0.131980     -0.009675
0.137056     -0.009189
0.142132     -0.008784
0.147208     -0.008315
0.152284     -0.007876
0.157360     -0.007452
0.162437     -0.006961
0.167513     -0.006568
0.172589     -0.006091
0.177665     -0.005669
0.182741     -0.005292
0.187817     -0.004797
0.192893     -0.004433
0.197970     -0.004073
0.203046     -0.003606
0.208122     -0.003281
0.213198     -0.002965
0.218274     -0.002545
0.223350     -0.002238
0.228426     -0.001970
0.233503     -0.001639
0.238579     -0.001322
0.243655     -0.001114
0.248731     -0.000901
0.253807     -0.000599
0.258883     -0.000392
0.263959     -0.000234
0.269036     -0.000057
0.274112     0.000190
0.279188     0.000359
0.284264     0.000499
0.289340     0.000648
0.294416     0.000874
0.299492     0.001054
0.304569     0.001188
0.309645     0.001322
0.314721     0.001516
0.319797     0.001735
0.324873     0.001849
0.329949     0.001962
0.335025     0.002075
0.340102     0.002269
0.345178     0.002449
0.350254     0.002537
0.355330     0.002625
0.360406     0.002712
0.365482     0.002873
0.370558     0.003040
0.375635     0.003111
0.380711     0.003176
0.385787     0.003241
0.390863     0.003343
0.395939     0.003484
0.401015     0.003587
0.406091     0.003624
0.411168     0.003661
0.416244     0.003698
0.421320     0.003784
0.426396     0.003895
0.431472     0.003965
0.436548     0.003973
0.441624     0.003981
0.446701     0.003988
0.451777     0.004026
0.456853     0.004103
0.461929     0.004181
0.467005     0.004159
0.472081     0.004137
0.477157     0.004114
0.482233     0.004092
0.487310     0.004118
0.492386     0.004160
0.497462     0.004190
0.502538     0.004136
0.507614     0.004081
0.512690     0.004026
0.517766     0.003971
0.522843     0.003973
0.527919     0.003981
0.532995     0.003966
0.538071     0.003884
0.543147     0.003801
0.548223     0.003719
0.553299     0.003655
0.558376     0.003634
0.563452     0.003612
0.568528     0.003513
0.573604     0.003402
0.578680     0.003291
0.583756     0.003190
0.588832     0.003135
0.593909     0.003080
0.598985     0.002953
0.604061     0.002818
0.609137     0.002683
0.614213     0.002572
0.619289     0.002490
0.624365     0.002389
0.629442     0.002248
0.634518     0.002106
0.639594     0.001970
0.644670     0.001882
0.649746     0.001787
0.654822     0.001650
0.659898     0.001512
0.664975     0.001381
0.670051     0.001293
0.675127     0.001190
0.680203     0.001051
0.685279     0.000912
0.690355     0.000795
0.695431     0.000702
0.700508     0.000568
0.705584     0.000420
0.710660     0.000278
0.715736     0.000174
0.720812     0.000042
0.725888     -0.000117
0.730964     -0.000271
0.736041     -0.000386
0.741117     -0.000530
0.746193     -0.000693
0.751269     -0.000843
0.756345     -0.000965
0.761421     -0.001128
0.766497     -0.001295
0.771574     -0.001431
0.776650     -0.001580
0.781726     -0.001751
0.786802     -0.001902
0.791878     -0.002047
0.796954     -0.002222
0.802030     -0.002379
0.807107     -0.002528
0.812183     -0.002704
0.817259     -0.002859
0.822335     -0.003019
0.827411     -0.003196
0.832487     -0.003340
0.837563     -0.003515
0.842640     -0.003677
0.847716     -0.003837
0.852792     -0.004009
0.857868     -0.004160
0.862944     -0.004335
0.868020     -0.004485
0.873096     -0.004658
0.878173     -0.004809
0.883249     -0.004980
0.888325     -0.005134
0.893401     -0.005298
0.898477     -0.005460
0.903553     -0.005614
0.908629     -0.005783
0.913706     -0.005943
0.918782     -0.006101
0.923858     -0.006263
0.928934     -0.006429
0.934010     -0.006592
0.939086     -0.006752
0.944162     -0.006913
0.949239     -0.007074
0.954315     -0.007236
0.959391     -0.007396
0.964467     -0.007563
0.969543     -0.007735
0.974619     -0.007912
0.979695     -0.008096
0.984772     -0.008291
0.989848     -0.008492
0.994924     -0.008707
