Airfoil_rR0.475000.txt
1.000000     0.000000
0.994924     0.001284
0.989848     0.002567
0.984772     0.003849
0.979695     0.005127
0.974619     0.006400
0.969543     0.007666
0.964467     0.008928
0.959391     0.010177
0.954315     0.011422
0.949239     0.012658
0.944162     0.013885
0.939086     0.015101
0.934010     0.016307
0.928934     0.017503
0.923858     0.018688
0.918782     0.019866
0.913706     0.021033
0.908629     0.022185
0.903553     0.023328
0.898477     0.024466
0.893401     0.025585
0.888325     0.026705
0.883249     0.027800
0.878173     0.028892
0.873096     0.029971
0.868020     0.031040
0.862944     0.032097
0.857868     0.033148
0.852792     0.034179
0.847716     0.035212
0.842640     0.036217
0.837563     0.037224
0.832487     0.038212
0.827411     0.039193
0.822335     0.040173
0.817259     0.041122
0.812183     0.042074
0.807107     0.043019
0.802030     0.043937
0.796954     0.044859
0.791878     0.045773
0.786802     0.046659
0.781726     0.047549
0.776650     0.048440
0.771574     0.049291
0.766497     0.050147
0.761421     0.051003
0.756345     0.051834
0.751269     0.052652
0.746193     0.053471
0.741117     0.054289
0.736041     0.055069
0.730964     0.055847
0.725888     0.056625
0.720812     0.057404
0.715736     0.058140
0.710660     0.058879
0.705584     0.059617
0.700508     0.060355
0.695431     0.061060
0.690355     0.061752
0.685279     0.062443
0.680203     0.063135
0.675127     0.063819
0.670051     0.064457
0.664975     0.065090
0.659898     0.065722
0.654822     0.066355
0.649746     0.066974
0.644670     0.067545
0.639594     0.068108
0.634518     0.068671
0.629442     0.069235
0.624365     0.069795
0.619289     0.070304
0.614213     0.070800
0.609137     0.071297
0.604061     0.071794
0.598985     0.072291
0.593909     0.072766
0.588832     0.073210
0.583756     0.073652
0.578680     0.074093
0.573604     0.074535
0.568528     0.074976
0.563452     0.075397
0.558376     0.075780
0.553299     0.076155
0.548223     0.076530
0.543147     0.076905
0.538071     0.077281
0.532995     0.077656
0.527919     0.077983
0.522843     0.078286
0.517766     0.078589
0.512690     0.078892
0.507614     0.079194
0.502538     0.079497
0.497462     0.079800
0.492386     0.080052
0.487310     0.080277
0.482233     0.080502
0.477157     0.080728
0.472081     0.080953
0.467005     0.081178
0.461929     0.081403
0.456853     0.081578
0.451777     0.081724
0.446701     0.081869
0.441624     0.082015
0.436548     0.082160
0.431472     0.082306
0.426396     0.082432
0.421320     0.082514
0.416244     0.082582
0.411168     0.082650
0.406091     0.082717
0.401015     0.082785
0.395939     0.082842
0.390863     0.082850
0.385787     0.082839
0.380711     0.082828
0.375635     0.082818
0.370558     0.082807
0.365482     0.082774
0.360406     0.082694
0.355330     0.082604
0.350254     0.082514
0.345178     0.082424
0.340102     0.082329
0.335025     0.082182
0.329949     0.082019
0.324873     0.081856
0.319797     0.081693
0.314721     0.081526
0.309645     0.081302
0.304569     0.081059
0.299492     0.080815
0.294416     0.080572
0.289340     0.080309
0.284264     0.079987
0.279188     0.079656
0.274112     0.079325
0.269036     0.078991
0.263959     0.078610
0.258883     0.078222
0.253807     0.077834
0.248731     0.077444
0.243655     0.077019
0.238579     0.076601
0.233503     0.076183
0.228426     0.075754
0.223350     0.075300
0.218274     0.074850
0.213198     0.074399
0.208122     0.073918
0.203046     0.073424
0.197970     0.072931
0.192893     0.072420
0.187817     0.071874
0.182741     0.071327
0.177665     0.070766
0.172589     0.070159
0.167513     0.069551
0.162437     0.068920
0.157360     0.068243
0.152284     0.067565
0.147208     0.066837
0.142132     0.066083
0.137056     0.065314
0.131980     0.064475
0.126904     0.063634
0.121827     0.062720
0.116751     0.061791
0.111675     0.060792
0.106599     0.059766
0.101523     0.058665
0.096447     0.057535
0.091371     0.056313
0.086294     0.055057
0.081218     0.053706
0.076142     0.052284
0.071066     0.050796
0.065990     0.049192
0.060914     0.047486
0.055838     0.045674
0.050761     0.043741
0.045685     0.041666
0.040609     0.039429
0.035533     0.037004
0.030457     0.034359
0.025381     0.031452
0.020305     0.028161
0.015228     0.024410
0.010152     0.019964
0.005076     0.014205
0.005076     -0.006336
0.010152     -0.008653
0.015228     -0.010057
0.020305     -0.010951
0.025381     -0.011520
0.030457     -0.011858
0.035533     -0.012011
0.040609     -0.012018
0.045685     -0.011913
0.050761     -0.011711
0.055838     -0.011426
0.060914     -0.011070
0.065990     -0.010655
0.071066     -0.010190
0.076142     -0.009683
0.081218     -0.009125
0.086294     -0.008536
0.091371     -0.007923
0.096447     -0.007283
0.101523     -0.006619
0.106599     -0.005949
0.111675     -0.005250
0.116751     -0.004551
0.121827     -0.003839
0.126904     -0.003121
0.131980     -0.002405
0.137056     -0.001685
0.142132     -0.000964
0.147208     -0.000253
0.152284     0.000468
0.157360     0.001167
0.162437     0.001879
0.167513     0.002556
0.172589     0.003232
0.177665     0.003905
0.182741     0.004546
0.187817     0.005199
0.192893     0.005805
0.197970     0.006398
0.203046     0.007005
0.208122     0.007546
0.213198     0.008075
0.218274     0.008611
0.223350     0.009100
0.228426     0.009552
0.233503     0.010004
0.238579     0.010452
0.243655     0.010815
0.248731     0.011179
0.253807     0.011549
0.258883     0.011888
0.263959     0.012184
0.269036     0.012481
0.274112     0.012789
0.279188     0.013080
0.284264     0.013347
0.289340     0.013615
0.294416     0.013885
0.299492     0.014167
0.304569     0.014416
0.309645     0.014664
0.314721     0.014913
0.319797     0.015186
0.324873     0.015405
0.329949     0.015619
0.335025     0.015833
0.340102     0.016047
0.345178     0.016287
0.350254     0.016462
0.355330     0.016637
0.360406     0.016813
0.365482     0.016988
0.370558     0.017190
0.375635     0.017335
0.380711     0.017472
0.385787     0.017610
0.390863     0.017747
0.395939     0.017889
0.401015     0.018040
0.406091     0.018135
0.411168     0.018229
0.416244     0.018323
0.421320     0.018418
0.426396     0.018520
0.431472     0.018624
0.436548     0.018673
0.441624     0.018721
0.446701     0.018770
0.451777     0.018819
0.456853     0.018867
0.461929     0.018949
0.467005     0.018955
0.472081     0.018956
0.477157     0.018956
0.482233     0.018957
0.487310     0.018958
0.492386     0.018960
0.497462     0.018993
0.502538     0.018944
0.507614     0.018895
0.512690     0.018845
0.517766     0.018796
0.522843     0.018747
0.527919     0.018704
0.532995     0.018676
0.538071     0.018581
0.543147     0.018487
0.548223     0.018393
0.553299     0.018299
0.558376     0.018205
0.563452     0.018137
0.568528     0.018013
0.573604     0.017874
0.578680     0.017735
0.583756     0.017596
0.588832     0.017457
0.593909     0.017342
0.598985     0.017177
0.604061     0.016999
0.609137     0.016821
0.614213     0.016643
0.619289     0.016467
0.624365     0.016310
0.629442     0.016111
0.634518     0.015913
0.639594     0.015715
0.644670     0.015517
0.649746     0.015343
0.654822     0.015134
0.659898     0.014926
0.664975     0.014718
0.670051     0.014509
0.675127     0.014320
0.680203     0.014098
0.685279     0.013875
0.690355     0.013653
0.695431     0.013441
0.700508     0.013215
0.705584     0.012972
0.710660     0.012729
0.715736     0.012488
0.720812     0.012252
0.725888     0.011989
0.730964     0.011725
0.736041     0.011464
0.741117     0.011206
0.746193     0.010927
0.751269     0.010648
0.756345     0.010380
0.761421     0.010093
0.766497     0.009800
0.771574     0.009507
0.776650     0.009222
0.781726     0.008916
0.786802     0.008611
0.791878     0.008315
0.796954     0.007998
0.802030     0.007681
0.807107     0.007373
0.812183     0.007046
0.817259     0.006720
0.822335     0.006400
0.827411     0.006066
0.832487     0.005738
0.837563     0.005401
0.842640     0.005060
0.847716     0.004725
0.852792     0.004379
0.857868     0.004040
0.862944     0.003689
0.868020     0.003345
0.873096     0.002990
0.878173     0.002641
0.883249     0.002282
0.888325     0.001929
0.893401     0.001566
0.898477     0.001207
0.903553     0.000846
0.908629     0.000477
0.913706     0.000110
0.918782     -0.000258
0.923858     -0.000634
0.928934     -0.001009
0.934010     -0.001385
0.939086     -0.001764
0.944162     -0.002144
0.949239     -0.002526
0.954315     -0.002911
0.959391     -0.003299
0.964467     -0.003689
0.969543     -0.004087
0.974619     -0.004489
0.979695     -0.004898
0.984772     -0.005317
0.989848     -0.005743
0.994924     -0.006179
