Airfoil_rR0.300000.txt
1.000000     0.000000
0.994924     0.001157
0.989848     0.002309
0.984772     0.003457
0.979695     0.004596
0.974619     0.005729
0.969543     0.006853
0.964467     0.007969
0.959391     0.009076
0.954315     0.010175
0.949239     0.011264
0.944162     0.012343
0.939086     0.013412
0.934010     0.014469
0.928934     0.015515
0.923858     0.016550
0.918782     0.017576
0.913706     0.018595
0.908629     0.019595
0.903553     0.020587
0.898477     0.021573
0.893401     0.022540
0.888325     0.023501
0.883249     0.024450
0.878173     0.025386
0.873096     0.026315
0.868020     0.027230
0.862944     0.028136
0.857868     0.029030
0.852792     0.029913
0.847716     0.030787
0.842640     0.031645
0.837563     0.032501
0.832487     0.033335
0.827411     0.034164
0.822335     0.034984
0.817259     0.035787
0.812183     0.036589
0.807107     0.037375
0.802030     0.038147
0.796954     0.038918
0.791878     0.039673
0.786802     0.040414
0.781726     0.041155
0.776650     0.041882
0.771574     0.042592
0.766497     0.043299
0.761421     0.044001
0.756345     0.044683
0.751269     0.045353
0.746193     0.046023
0.741117     0.046681
0.736041     0.047319
0.730964     0.047951
0.725888     0.048582
0.720812     0.049198
0.715736     0.049798
0.710660     0.050391
0.705584     0.050984
0.700508     0.051565
0.695431     0.052129
0.690355     0.052678
0.685279     0.053227
0.680203     0.053773
0.675127     0.054303
0.670051     0.054802
0.664975     0.055296
0.659898     0.055789
0.654822     0.056276
0.649746     0.056750
0.644670     0.057179
0.639594     0.057606
0.634518     0.058032
0.629442     0.058455
0.624365     0.058864
0.619289     0.059239
0.614213     0.059602
0.609137     0.059965
0.604061     0.060327
0.598985     0.060678
0.593909     0.061020
0.588832     0.061332
0.583756     0.061644
0.578680     0.061956
0.573604     0.062268
0.568528     0.062568
0.563452     0.062861
0.558376     0.063113
0.553299     0.063365
0.548223     0.063617
0.543147     0.063870
0.538071     0.064115
0.532995     0.064351
0.527919     0.064559
0.522843     0.064747
0.517766     0.064934
0.512690     0.065121
0.507614     0.065309
0.502538     0.065486
0.497462     0.065659
0.492386     0.065798
0.487310     0.065917
0.482233     0.066037
0.477157     0.066157
0.472081     0.066277
0.467005     0.066387
0.461929     0.066492
0.456853     0.066561
0.451777     0.066612
0.446701     0.066664
0.441624     0.066715
0.436548     0.066766
0.431472     0.066804
0.426396     0.066831
0.421320     0.066817
0.416244     0.066804
0.411168     0.066790
0.406091     0.066776
0.401015     0.066751
0.395939     0.066716
0.390863     0.066637
0.385787     0.066559
0.380711     0.066481
0.375635     0.066401
0.370558     0.066311
0.365482     0.066193
0.360406     0.066050
0.355330     0.065908
0.350254     0.065765
0.345178     0.065614
0.340102     0.065447
0.335025     0.065246
0.329949     0.065044
0.324873     0.064843
0.319797     0.064633
0.314721     0.064403
0.309645     0.064141
0.304569     0.063879
0.299492     0.063616
0.294416     0.063344
0.289340     0.063027
0.284264     0.062697
0.279188     0.062367
0.274112     0.062031
0.269036     0.061670
0.263959     0.061289
0.258883     0.060908
0.253807     0.060521
0.248731     0.060123
0.243655     0.059717
0.238579     0.059311
0.233503     0.058898
0.228426     0.058476
0.223350     0.058052
0.218274     0.057625
0.213198     0.057188
0.208122     0.056737
0.203046     0.056287
0.197970     0.055827
0.192893     0.055342
0.187817     0.054857
0.182741     0.054363
0.177665     0.053838
0.172589     0.053313
0.167513     0.052771
0.162437     0.052202
0.157360     0.051631
0.152284     0.051023
0.147208     0.050402
0.142132     0.049762
0.137056     0.049084
0.131980     0.048402
0.126904     0.047663
0.121827     0.046923
0.116751     0.046124
0.111675     0.045319
0.106599     0.044451
0.101523     0.043570
0.096447     0.042628
0.091371     0.041654
0.086294     0.040635
0.081218     0.039551
0.076142     0.038423
0.071066     0.037240
0.065990     0.035972
0.060914     0.034635
0.055838     0.033220
0.050761     0.031715
0.045685     0.030106
0.040609     0.028379
0.035533     0.026519
0.030457     0.024505
0.025381     0.022285
0.020305     0.019823
0.015228     0.017021
0.010152     0.013699
0.005076     0.009450
0.005076     -0.005992
0.010152     -0.007766
0.015228     -0.008804
0.020305     -0.009434
0.025381     -0.009797
0.030457     -0.009972
0.035533     -0.010000
0.040609     -0.009918
0.045685     -0.009735
0.050761     -0.009476
0.055838     -0.009150
0.060914     -0.008768
0.065990     -0.008339
0.071066     -0.007863
0.076142     -0.007350
0.081218     -0.006808
0.086294     -0.006243
0.091371     -0.005650
0.096447     -0.005039
0.101523     -0.004416
0.106599     -0.003774
0.111675     -0.003126
0.116751     -0.002468
0.121827     -0.001803
0.126904     -0.001135
0.131980     -0.000464
0.137056     0.000208
0.142132     0.000879
0.147208     0.001547
0.152284     0.002212
0.157360     0.002868
0.162437     0.003526
0.167513     0.004161
0.172589     0.004796
0.177665     0.005420
0.182741     0.006022
0.187817     0.006625
0.192893     0.007203
0.197970     0.007761
0.203046     0.008322
0.208122     0.008848
0.213198     0.009352
0.218274     0.009859
0.223350     0.010337
0.228426     0.010775
0.233503     0.011214
0.238579     0.011656
0.243655     0.012020
0.248731     0.012383
0.253807     0.012751
0.258883     0.013098
0.263959     0.013405
0.269036     0.013712
0.274112     0.014024
0.279188     0.014324
0.284264     0.014605
0.289340     0.014885
0.294416     0.015170
0.299492     0.015454
0.304569     0.015714
0.309645     0.015975
0.314721     0.016236
0.319797     0.016507
0.324873     0.016746
0.329949     0.016972
0.335025     0.017199
0.340102     0.017428
0.345178     0.017666
0.350254     0.017861
0.355330     0.018050
0.360406     0.018239
0.365482     0.018430
0.370558     0.018631
0.375635     0.018798
0.380711     0.018950
0.385787     0.019102
0.390863     0.019255
0.395939     0.019416
0.401015     0.019573
0.406091     0.019683
0.411168     0.019793
0.416244     0.019903
0.421320     0.020012
0.426396     0.020134
0.431472     0.020247
0.436548     0.020312
0.441624     0.020377
0.446701     0.020442
0.451777     0.020507
0.456853     0.020581
0.461929     0.020660
0.467005     0.020693
0.472081     0.020711
0.477157     0.020729
0.482233     0.020747
0.487310     0.020765
0.492386     0.020797
0.497462     0.020830
0.502538     0.020804
0.507614     0.020772
0.512690     0.020739
0.517766     0.020707
0.522843     0.020675
0.527919     0.020659
0.532995     0.020639
0.538071     0.020562
0.543147     0.020485
0.548223     0.020408
0.553299     0.020331
0.558376     0.020262
0.563452     0.020202
0.568528     0.020100
0.573604     0.019977
0.578680     0.019855
0.583756     0.019732
0.588832     0.019615
0.593909     0.019510
0.598985     0.019364
0.604061     0.019201
0.609137     0.019038
0.614213     0.018874
0.619289     0.018724
0.624365     0.018573
0.629442     0.018389
0.634518     0.018204
0.639594     0.018019
0.644670     0.017842
0.649746     0.017676
0.654822     0.017482
0.659898     0.017286
0.664975     0.017090
0.670051     0.016903
0.675127     0.016722
0.680203     0.016510
0.685279     0.016297
0.690355     0.016085
0.695431     0.015889
0.700508     0.015672
0.705584     0.015437
0.710660     0.015201
0.715736     0.014977
0.720812     0.014746
0.725888     0.014488
0.730964     0.014229
0.736041     0.013982
0.741117     0.013728
0.746193     0.013451
0.751269     0.013175
0.756345     0.012916
0.761421     0.012632
0.766497     0.012340
0.771574     0.012055
0.776650     0.011771
0.781726     0.011463
0.786802     0.011157
0.791878     0.010865
0.796954     0.010543
0.802030     0.010222
0.807107     0.009916
0.812183     0.009582
0.817259     0.009253
0.822335     0.008928
0.827411     0.008584
0.832487     0.008252
0.837563     0.007905
0.842640     0.007554
0.847716     0.007211
0.852792     0.006851
0.857868     0.006504
0.862944     0.006137
0.868020     0.005784
0.873096     0.005410
0.878173     0.005050
0.883249     0.004671
0.888325     0.004303
0.893401     0.003920
0.898477     0.003543
0.903553     0.003164
0.908629     0.002771
0.913706     0.002385
0.918782     0.001996
0.923858     0.001598
0.928934     0.001197
0.934010     0.000798
0.939086     0.000395
0.944162     -0.000011
0.949239     -0.000419
0.954315     -0.000832
0.959391     -0.001245
0.964467     -0.001663
0.969543     -0.002089
0.974619     -0.002517
0.979695     -0.002953
0.984772     -0.003396
0.989848     -0.003846
0.994924     -0.004304
