Airfoil_rR0.225000.txt
1.000000     0.000000
0.994924     0.001008
0.989848     0.002016
0.984772     0.003021
0.979695     0.004024
0.974619     0.005022
0.969543     0.006015
0.964467     0.007003
0.959391     0.007984
0.954315     0.008958
0.949239     0.009925
0.944162     0.010883
0.939086     0.011834
0.934010     0.012777
0.928934     0.013711
0.923858     0.014638
0.918782     0.015554
0.913706     0.016461
0.908629     0.017361
0.903553     0.018252
0.898477     0.019132
0.893401     0.020005
0.888325     0.020869
0.883249     0.021722
0.878173     0.022570
0.873096     0.023403
0.868020     0.024233
0.862944     0.025047
0.857868     0.025858
0.852792     0.026655
0.847716     0.027445
0.842640     0.028226
0.837563     0.028995
0.832487     0.029763
0.827411     0.030511
0.822335     0.031258
0.817259     0.031995
0.812183     0.032719
0.807107     0.033443
0.802030     0.034151
0.796954     0.034851
0.791878     0.035551
0.786802     0.036234
0.781726     0.036908
0.776650     0.037583
0.771574     0.038245
0.766497     0.038892
0.761421     0.039540
0.756345     0.040185
0.751269     0.040803
0.746193     0.041420
0.741117     0.042037
0.736041     0.042643
0.730964     0.043228
0.725888     0.043812
0.720812     0.044397
0.715736     0.044971
0.710660     0.045525
0.705584     0.046079
0.700508     0.046633
0.695431     0.047181
0.690355     0.047701
0.685279     0.048220
0.680203     0.048738
0.675127     0.049257
0.670051     0.049748
0.664975     0.050220
0.659898     0.050691
0.654822     0.051163
0.649746     0.051634
0.644670     0.052066
0.639594     0.052480
0.634518     0.052895
0.629442     0.053309
0.624365     0.053723
0.619289     0.054113
0.614213     0.054475
0.609137     0.054836
0.604061     0.055197
0.598985     0.055558
0.593909     0.055919
0.588832     0.056248
0.583756     0.056569
0.578680     0.056891
0.573604     0.057212
0.568528     0.057534
0.563452     0.057855
0.558376     0.058138
0.553299     0.058411
0.548223     0.058684
0.543147     0.058956
0.538071     0.059229
0.532995     0.059502
0.527919     0.059756
0.522843     0.059975
0.517766     0.060192
0.512690     0.060410
0.507614     0.060628
0.502538     0.060845
0.497462     0.061063
0.492386     0.061258
0.487310     0.061419
0.482233     0.061579
0.477157     0.061739
0.472081     0.061899
0.467005     0.062058
0.461929     0.062218
0.456853     0.062352
0.451777     0.062453
0.446701     0.062553
0.441624     0.062653
0.436548     0.062753
0.431472     0.062853
0.426396     0.062953
0.421320     0.062999
0.416244     0.063041
0.411168     0.063084
0.406091     0.063126
0.401015     0.063169
0.395939     0.063212
0.390863     0.063203
0.385787     0.063189
0.380711     0.063175
0.375635     0.063161
0.370558     0.063147
0.365482     0.063118
0.360406     0.063046
0.355330     0.062975
0.350254     0.062903
0.345178     0.062831
0.340102     0.062759
0.335025     0.062635
0.329949     0.062510
0.324873     0.062386
0.319797     0.062261
0.314721     0.062130
0.309645     0.061950
0.304569     0.061768
0.299492     0.061587
0.294416     0.061406
0.289340     0.061191
0.284264     0.060945
0.279188     0.060699
0.274112     0.060452
0.269036     0.060196
0.263959     0.059908
0.258883     0.059620
0.253807     0.059332
0.248731     0.059040
0.243655     0.058736
0.238579     0.058431
0.233503     0.058127
0.228426     0.057816
0.223350     0.057497
0.218274     0.057179
0.213198     0.056858
0.208122     0.056518
0.203046     0.056177
0.197970     0.055837
0.192893     0.055470
0.187817     0.055097
0.182741     0.054725
0.177665     0.054319
0.172589     0.053906
0.167513     0.053491
0.162437     0.053031
0.157360     0.052571
0.152284     0.052090
0.147208     0.051577
0.142132     0.051064
0.137056     0.050492
0.131980     0.049917
0.126904     0.049295
0.121827     0.048652
0.116751     0.047968
0.111675     0.047253
0.106599     0.046493
0.101523     0.045702
0.096447     0.044848
0.091371     0.043969
0.086294     0.043008
0.081218     0.042005
0.076142     0.040951
0.071066     0.039804
0.065990     0.038593
0.060914     0.037306
0.055838     0.035928
0.050761     0.034444
0.045685     0.032836
0.040609     0.031089
0.035533     0.029181
0.030457     0.027090
0.025381     0.024787
0.020305     0.022165
0.015228     0.019162
0.010152     0.015565
0.005076     0.010847
0.005076     -0.006439
0.010152     -0.008575
0.015228     -0.009940
0.020305     -0.010913
0.025381     -0.011626
0.030457     -0.012137
0.035533     -0.012518
0.040609     -0.012772
0.045685     -0.012925
0.050761     -0.012998
0.055838     -0.013003
0.060914     -0.012951
0.065990     -0.012851
0.071066     -0.012710
0.076142     -0.012522
0.081218     -0.012304
0.086294     -0.012061
0.091371     -0.011795
0.096447     -0.011499
0.101523     -0.011190
0.106599     -0.010861
0.111675     -0.010515
0.116751     -0.010161
0.121827     -0.009788
0.126904     -0.009413
0.131980     -0.009024
0.137056     -0.008634
0.142132     -0.008236
0.147208     -0.007838
0.152284     -0.007436
0.157360     -0.007037
0.162437     -0.006637
0.167513     -0.006240
0.172589     -0.005846
0.177665     -0.005453
0.182741     -0.005072
0.187817     -0.004690
0.192893     -0.004318
0.197970     -0.003956
0.203046     -0.003594
0.208122     -0.003247
0.213198     -0.002913
0.218274     -0.002579
0.223350     -0.002260
0.228426     -0.001963
0.233503     -0.001665
0.238579     -0.001370
0.243655     -0.001119
0.248731     -0.000869
0.253807     -0.000619
0.258883     -0.000384
0.263959     -0.000175
0.269036     0.000034
0.274112     0.000243
0.279188     0.000445
0.284264     0.000639
0.289340     0.000833
0.294416     0.001027
0.299492     0.001219
0.304569     0.001407
0.309645     0.001595
0.314721     0.001784
0.319797     0.001972
0.324873     0.002144
0.329949     0.002312
0.335025     0.002480
0.340102     0.002648
0.345178     0.002817
0.350254     0.002962
0.355330     0.003108
0.360406     0.003253
0.365482     0.003398
0.370558     0.003544
0.375635     0.003671
0.380711     0.003795
0.385787     0.003919
0.390863     0.004043
0.395939     0.004167
0.401015     0.004286
0.406091     0.004379
0.411168     0.004475
0.416244     0.004572
0.421320     0.004668
0.426396     0.004765
0.431472     0.004854
0.436548     0.004918
0.441624     0.004986
0.446701     0.005053
0.451777     0.005121
0.456853     0.005188
0.461929     0.005256
0.467005     0.005294
0.472081     0.005332
0.477157     0.005370
0.482233     0.005408
0.487310     0.005446
0.492386     0.005484
0.497462     0.005522
0.502538     0.005522
0.507614     0.005527
0.512690     0.005532
0.517766     0.005538
0.522843     0.005543
0.527919     0.005548
0.532995     0.005549
0.538071     0.005520
0.543147     0.005496
0.548223     0.005473
0.553299     0.005449
0.558376     0.005426
0.563452     0.005402
0.568528     0.005349
0.573604     0.005295
0.578680     0.005241
0.583756     0.005186
0.588832     0.005132
0.593909     0.005078
0.598985     0.004996
0.604061     0.004915
0.609137     0.004834
0.614213     0.004753
0.619289     0.004672
0.624365     0.004587
0.629442     0.004493
0.634518     0.004404
0.639594     0.004314
0.644670     0.004225
0.649746     0.004136
0.654822     0.004040
0.659898     0.003951
0.664975     0.003863
0.670051     0.003775
0.675127     0.003683
0.680203     0.003585
0.685279     0.003492
0.690355     0.003399
0.695431     0.003306
0.700508     0.003199
0.705584     0.003094
0.710660     0.002989
0.715736     0.002884
0.720812     0.002767
0.725888     0.002649
0.730964     0.002531
0.736041     0.002413
0.741117     0.002284
0.746193     0.002158
0.751269     0.002032
0.756345     0.001906
0.761421     0.001768
0.766497     0.001634
0.771574     0.001501
0.776650     0.001359
0.781726     0.001218
0.786802     0.001078
0.791878     0.000931
0.796954     0.000784
0.802030     0.000637
0.807107     0.000484
0.812183     0.000332
0.817259     0.000181
0.822335     0.000022
0.827411     -0.000134
0.832487     -0.000289
0.837563     -0.000452
0.842640     -0.000610
0.847716     -0.000773
0.852792     -0.000933
0.857868     -0.001098
0.862944     -0.001258
0.868020     -0.001422
0.873096     -0.001585
0.878173     -0.001750
0.883249     -0.001913
0.888325     -0.002079
0.893401     -0.002242
0.898477     -0.002409
0.903553     -0.002573
0.908629     -0.002741
0.913706     -0.002910
0.918782     -0.003080
0.923858     -0.003247
0.928934     -0.003418
0.934010     -0.003589
0.939086     -0.003760
0.944162     -0.003932
0.949239     -0.004102
0.954315     -0.004274
0.959391     -0.004446
0.964467     -0.004622
0.969543     -0.004799
0.974619     -0.004982
0.979695     -0.005170
0.984772     -0.005363
0.989848     -0.005563
0.994924     -0.005772
