Airfoil_rR0.950000.txt
1.000000     0.000000
0.994924     0.001306
0.989848     0.002616
0.984772     0.003925
0.979695     0.005235
0.974619     0.006543
0.969543     0.007852
0.964467     0.009163
0.959391     0.010475
0.954315     0.011779
0.949239     0.013087
0.944162     0.014397
0.939086     0.015706
0.934010     0.017014
0.928934     0.018328
0.923858     0.019644
0.918782     0.020949
0.913706     0.022253
0.908629     0.023565
0.903553     0.024879
0.898477     0.026180
0.893401     0.027499
0.888325     0.028803
0.883249     0.030109
0.878173     0.031423
0.873096     0.032724
0.868020     0.034042
0.862944     0.035342
0.857868     0.036658
0.852792     0.037964
0.847716     0.039272
0.842640     0.040592
0.837563     0.041883
0.832487     0.043207
0.827411     0.044502
0.822335     0.045816
0.817259     0.047141
0.812183     0.048423
0.807107     0.049747
0.802030     0.051065
0.796954     0.052351
0.791878     0.053676
0.786802     0.054995
0.781726     0.056278
0.776650     0.057602
0.771574     0.058927
0.766497     0.060211
0.761421     0.061525
0.756345     0.062850
0.751269     0.064157
0.746193     0.065445
0.741117     0.066769
0.736041     0.068094
0.730964     0.069387
0.725888     0.070684
0.720812     0.072008
0.715736     0.073333
0.710660     0.074626
0.705584     0.075918
0.700508     0.077243
0.695431     0.078567
0.690355     0.079874
0.685279     0.081151
0.680203     0.082472
0.675127     0.083797
0.670051     0.085122
0.664975     0.086409
0.659898     0.087697
0.654822     0.089021
0.649746     0.090346
0.644670     0.091670
0.639594     0.092954
0.634518     0.094240
0.629442     0.095565
0.624365     0.096890
0.619289     0.098215
0.614213     0.099513
0.609137     0.100791
0.604061     0.102108
0.598985     0.103436
0.593909     0.104764
0.588832     0.106092
0.583756     0.107375
0.578680     0.108655
0.573604     0.109971
0.568528     0.111287
0.563452     0.112603
0.558376     0.113919
0.553299     0.115191
0.548223     0.116456
0.543147     0.117721
0.538071     0.118987
0.532995     0.120252
0.527919     0.121518
0.522843     0.122766
0.517766     0.123979
0.512690     0.125188
0.507614     0.126370
0.502538     0.127552
0.497462     0.128734
0.492386     0.129916
0.487310     0.131082
0.482233     0.132214
0.477157     0.133347
0.472081     0.134431
0.467005     0.135513
0.461929     0.136596
0.456853     0.137679
0.451777     0.138755
0.446701     0.139790
0.441624     0.140826
0.436548     0.141809
0.431472     0.142777
0.426396     0.143745
0.421320     0.144712
0.416244     0.145670
0.411168     0.146594
0.406091     0.147516
0.401015     0.148358
0.395939     0.149200
0.390863     0.150042
0.385787     0.150885
0.380711     0.151696
0.375635     0.152498
0.370558     0.153234
0.365482     0.153942
0.360406     0.154650
0.355330     0.155357
0.350254     0.156039
0.345178     0.156711
0.340102     0.157299
0.335025     0.157864
0.329949     0.158430
0.324873     0.158993
0.319797     0.159527
0.314721     0.160032
0.309645     0.160446
0.304569     0.160861
0.299492     0.161276
0.294416     0.161670
0.289340     0.162050
0.284264     0.162304
0.279188     0.162558
0.274112     0.162812
0.269036     0.163048
0.263959     0.163258
0.258883     0.163387
0.253807     0.163517
0.248731     0.163642
0.243655     0.163747
0.238579     0.163831
0.233503     0.163905
0.228426     0.163978
0.223350     0.164030
0.218274     0.164060
0.213198     0.164067
0.208122     0.164075
0.203046     0.164066
0.197970     0.164002
0.192893     0.163892
0.187817     0.163782
0.182741     0.163657
0.177665     0.163425
0.172589     0.163173
0.167513     0.162916
0.162437     0.162585
0.157360     0.162155
0.152284     0.161725
0.147208     0.161247
0.142132     0.160606
0.137056     0.159968
0.131980     0.159270
0.126904     0.158388
0.121827     0.157515
0.116751     0.156501
0.111675     0.155347
0.106599     0.154222
0.101523     0.152770
0.096447     0.151336
0.091371     0.149680
0.086294     0.147910
0.081218     0.145967
0.076142     0.143842
0.071066     0.141506
0.065990     0.139011
0.060914     0.136153
0.055838     0.133160
0.050761     0.129788
0.045685     0.126025
0.040609     0.121930
0.035533     0.117372
0.030457     0.112243
0.025381     0.106426
0.020305     0.099809
0.015228     0.091918
0.010152     0.082203
0.005076     0.069191
0.005076     0.014765
0.010152     0.005122
0.015228     -0.002127
0.020305     -0.008114
0.025381     -0.013255
0.030457     -0.017820
0.035533     -0.021915
0.040609     -0.025627
0.045685     -0.029027
0.050761     -0.032175
0.055838     -0.035112
0.060914     -0.037843
0.065990     -0.040368
0.071066     -0.042775
0.076142     -0.045008
0.081218     -0.047130
0.086294     -0.049123
0.091371     -0.051004
0.096447     -0.052785
0.101523     -0.054473
0.106599     -0.056056
0.111675     -0.057579
0.116751     -0.058991
0.121827     -0.060375
0.126904     -0.061641
0.131980     -0.062858
0.137056     -0.064025
0.142132     -0.065101
0.147208     -0.066152
0.152284     -0.067139
0.157360     -0.068047
0.162437     -0.068940
0.167513     -0.069776
0.172589     -0.070540
0.177665     -0.071284
0.182741     -0.071994
0.187817     -0.072638
0.192893     -0.073241
0.197970     -0.073842
0.203046     -0.074383
0.208122     -0.074861
0.213198     -0.075329
0.218274     -0.075782
0.223350     -0.076194
0.228426     -0.076535
0.233503     -0.076875
0.238579     -0.077203
0.243655     -0.077497
0.248731     -0.077723
0.253807     -0.077942
0.258883     -0.078161
0.263959     -0.078342
0.269036     -0.078484
0.274112     -0.078589
0.279188     -0.078694
0.284264     -0.078788
0.289340     -0.078860
0.294416     -0.078874
0.299492     -0.078873
0.304569     -0.078871
0.309645     -0.078859
0.314721     -0.078831
0.319797     -0.078749
0.324873     -0.078647
0.329949     -0.078544
0.335025     -0.078440
0.340102     -0.078316
0.345178     -0.078172
0.350254     -0.077976
0.355330     -0.077780
0.360406     -0.077584
0.365482     -0.077381
0.370558     -0.077169
0.375635     -0.076925
0.380711     -0.076643
0.385787     -0.076362
0.390863     -0.076080
0.395939     -0.075795
0.401015     -0.075502
0.406091     -0.075194
0.411168     -0.074834
0.416244     -0.074475
0.421320     -0.074115
0.426396     -0.073755
0.431472     -0.073391
0.436548     -0.073024
0.441624     -0.072623
0.446701     -0.072194
0.451777     -0.071765
0.456853     -0.071335
0.461929     -0.070906
0.467005     -0.070475
0.472081     -0.070043
0.477157     -0.069589
0.482233     -0.069103
0.487310     -0.068617
0.492386     -0.068131
0.497462     -0.067644
0.502538     -0.067159
0.507614     -0.066674
0.512690     -0.066177
0.517766     -0.065648
0.522843     -0.065118
0.527919     -0.064588
0.532995     -0.064059
0.538071     -0.063533
0.543147     -0.063007
0.548223     -0.062461
0.553299     -0.061901
0.558376     -0.061341
0.563452     -0.060781
0.568528     -0.060224
0.573604     -0.059670
0.578680     -0.059108
0.583756     -0.058532
0.588832     -0.057956
0.593909     -0.057380
0.598985     -0.056809
0.604061     -0.056241
0.609137     -0.055660
0.614213     -0.055071
0.619289     -0.054482
0.624365     -0.053893
0.629442     -0.053313
0.634518     -0.052725
0.639594     -0.052109
0.644670     -0.051493
0.649746     -0.050877
0.654822     -0.050270
0.659898     -0.049660
0.664975     -0.049029
0.670051     -0.048397
0.675127     -0.047766
0.680203     -0.047147
0.685279     -0.046522
0.690355     -0.045893
0.695431     -0.045265
0.700508     -0.044643
0.705584     -0.044026
0.710660     -0.043411
0.715736     -0.042795
0.720812     -0.042185
0.725888     -0.041582
0.730964     -0.040980
0.736041     -0.040378
0.741117     -0.039782
0.746193     -0.039193
0.751269     -0.038607
0.756345     -0.038021
0.761421     -0.037445
0.766497     -0.036877
0.771574     -0.036310
0.776650     -0.035749
0.781726     -0.035199
0.786802     -0.034654
0.791878     -0.034113
0.796954     -0.033583
0.802030     -0.033062
0.807107     -0.032544
0.812183     -0.032039
0.817259     -0.031542
0.822335     -0.031051
0.827411     -0.030574
0.832487     -0.030103
0.837563     -0.029642
0.842640     -0.029195
0.847716     -0.028754
0.852792     -0.028328
0.857868     -0.027910
0.862944     -0.027506
0.868020     -0.027112
0.873096     -0.026733
0.878173     -0.026364
0.883249     -0.026013
0.888325     -0.025672
0.893401     -0.025353
0.898477     -0.025045
0.903553     -0.024759
0.908629     -0.024490
0.913706     -0.024237
0.918782     -0.024008
0.923858     -0.023801
0.928934     -0.023614
0.934010     -0.023447
0.939086     -0.023300
0.944162     -0.023173
0.949239     -0.023070
0.954315     -0.022994
0.959391     -0.022947
0.964467     -0.022933
0.969543     -0.022964
0.974619     -0.023035
0.979695     -0.023156
0.984772     -0.023332
0.989848     -0.023563
0.994924     -0.023855
