Airfoil_rR0.825000.txt
1.000000     0.000000
0.994924     0.001028
0.989848     0.002056
0.984772     0.003086
0.979695     0.004114
0.974619     0.005143
0.969543     0.006171
0.964467     0.007200
0.959391     0.008226
0.954315     0.009257
0.949239     0.010288
0.944162     0.011316
0.939086     0.012344
0.934010     0.013372
0.928934     0.014396
0.923858     0.015422
0.918782     0.016453
0.913706     0.017485
0.908629     0.018508
0.903553     0.019537
0.898477     0.020571
0.893401     0.021591
0.888325     0.022626
0.883249     0.023654
0.878173     0.024683
0.873096     0.025716
0.868020     0.026741
0.862944     0.027773
0.857868     0.028799
0.852792     0.029826
0.847716     0.030857
0.842640     0.031875
0.837563     0.032913
0.832487     0.033929
0.827411     0.034960
0.822335     0.035980
0.817259     0.036991
0.812183     0.038028
0.807107     0.039034
0.802030     0.040040
0.796954     0.041073
0.791878     0.042071
0.786802     0.043070
0.781726     0.044099
0.776650     0.045088
0.771574     0.046077
0.766497     0.047091
0.761421     0.048078
0.756345     0.049054
0.751269     0.050035
0.746193     0.051034
0.741117     0.051993
0.736041     0.052953
0.730964     0.053925
0.725888     0.054894
0.720812     0.055834
0.715736     0.056775
0.710660     0.057727
0.705584     0.058683
0.700508     0.059605
0.695431     0.060526
0.690355     0.061449
0.685279     0.062396
0.680203     0.063296
0.675127     0.064191
0.670051     0.065086
0.664975     0.065986
0.659898     0.066883
0.654822     0.067737
0.649746     0.068592
0.644670     0.069447
0.639594     0.070303
0.634518     0.071152
0.629442     0.071956
0.624365     0.072760
0.619289     0.073564
0.614213     0.074369
0.609137     0.075184
0.604061     0.075960
0.598985     0.076721
0.593909     0.077482
0.588832     0.078243
0.583756     0.079010
0.578680     0.079786
0.573604     0.080514
0.568528     0.081235
0.563452     0.081957
0.558376     0.082679
0.553299     0.083401
0.548223     0.084124
0.543147     0.084812
0.538071     0.085481
0.532995     0.086150
0.527919     0.086818
0.522843     0.087487
0.517766     0.088151
0.512690     0.088812
0.507614     0.089424
0.502538     0.090032
0.497462     0.090640
0.492386     0.091248
0.487310     0.091855
0.482233     0.092453
0.477157     0.093043
0.472081     0.093588
0.467005     0.094124
0.461929     0.094661
0.456853     0.095197
0.451777     0.095734
0.446701     0.096258
0.441624     0.096769
0.436548     0.097235
0.431472     0.097694
0.426396     0.098152
0.421320     0.098610
0.416244     0.099069
0.411168     0.099501
0.406091     0.099912
0.401015     0.100288
0.395939     0.100664
0.390863     0.101040
0.385787     0.101416
0.380711     0.101768
0.375635     0.102094
0.370558     0.102382
0.365482     0.102670
0.360406     0.102958
0.355330     0.103246
0.350254     0.103498
0.345178     0.103717
0.340102     0.103914
0.335025     0.104111
0.329949     0.104308
0.324873     0.104484
0.319797     0.104627
0.314721     0.104732
0.309645     0.104838
0.304569     0.104943
0.299492     0.105022
0.294416     0.105053
0.289340     0.105049
0.284264     0.105045
0.279188     0.105042
0.274112     0.104999
0.269036     0.104911
0.263959     0.104807
0.258883     0.104703
0.253807     0.104592
0.248731     0.104451
0.243655     0.104280
0.238579     0.104109
0.233503     0.103935
0.228426     0.103735
0.223350     0.103505
0.218274     0.103274
0.213198     0.103031
0.208122     0.102745
0.203046     0.102440
0.197970     0.102135
0.192893     0.101789
0.187817     0.101396
0.182741     0.101004
0.177665     0.100578
0.172589     0.100092
0.167513     0.099597
0.162437     0.099068
0.157360     0.098467
0.152284     0.097857
0.147208     0.097194
0.142132     0.096459
0.137056     0.095721
0.131980     0.094878
0.126904     0.094002
0.121827     0.093074
0.116751     0.092052
0.111675     0.091006
0.106599     0.089829
0.101523     0.088638
0.096447     0.087288
0.091371     0.085917
0.086294     0.084378
0.081218     0.082790
0.076142     0.081045
0.071066     0.079192
0.065990     0.077228
0.060914     0.075049
0.055838     0.072727
0.050761     0.070227
0.045685     0.067511
0.040609     0.064531
0.035533     0.061256
0.030457     0.057616
0.025381     0.053536
0.020305     0.048941
0.015228     0.043560
0.010152     0.037077
0.005076     0.028381
0.005076     -0.003706
0.010152     -0.008190
0.015228     -0.011451
0.020305     -0.014079
0.025381     -0.016298
0.030457     -0.018210
0.035533     -0.019899
0.040609     -0.021414
0.045685     -0.022779
0.050761     -0.024015
0.055838     -0.025143
0.060914     -0.026178
0.065990     -0.027134
0.071066     -0.028024
0.076142     -0.028818
0.081218     -0.029568
0.086294     -0.030278
0.091371     -0.030909
0.096447     -0.031513
0.101523     -0.032072
0.106599     -0.032582
0.111675     -0.033073
0.116751     -0.033505
0.121827     -0.033930
0.126904     -0.034300
0.131980     -0.034660
0.137056     -0.034980
0.142132     -0.035277
0.147208     -0.035561
0.152284     -0.035801
0.157360     -0.036047
0.162437     -0.036240
0.167513     -0.036426
0.172589     -0.036609
0.177665     -0.036742
0.182741     -0.036877
0.187817     -0.037002
0.192893     -0.037087
0.197970     -0.037173
0.203046     -0.037253
0.208122     -0.037292
0.213198     -0.037332
0.218274     -0.037380
0.223350     -0.037375
0.228426     -0.037371
0.233503     -0.037372
0.238579     -0.037355
0.243655     -0.037312
0.248731     -0.037269
0.253807     -0.037250
0.258883     -0.037203
0.263959     -0.037145
0.269036     -0.037087
0.274112     -0.037049
0.279188     -0.036984
0.284264     -0.036908
0.289340     -0.036831
0.294416     -0.036758
0.299492     -0.036674
0.304569     -0.036564
0.309645     -0.036454
0.314721     -0.036344
0.319797     -0.036250
0.324873     -0.036128
0.329949     -0.035996
0.335025     -0.035864
0.340102     -0.035734
0.345178     -0.035623
0.350254     -0.035484
0.355330     -0.035337
0.360406     -0.035190
0.365482     -0.035043
0.370558     -0.034910
0.375635     -0.034766
0.380711     -0.034603
0.385787     -0.034440
0.390863     -0.034277
0.395939     -0.034118
0.401015     -0.033975
0.406091     -0.033809
0.411168     -0.033635
0.416244     -0.033461
0.421320     -0.033287
0.426396     -0.033118
0.431472     -0.032964
0.436548     -0.032792
0.441624     -0.032610
0.446701     -0.032428
0.451777     -0.032246
0.456853     -0.032063
0.461929     -0.031897
0.467005     -0.031733
0.472081     -0.031545
0.477157     -0.031357
0.482233     -0.031169
0.487310     -0.030981
0.492386     -0.030793
0.497462     -0.030624
0.502538     -0.030455
0.507614     -0.030266
0.512690     -0.030077
0.517766     -0.029888
0.522843     -0.029699
0.527919     -0.029510
0.532995     -0.029342
0.538071     -0.029166
0.543147     -0.028976
0.548223     -0.028786
0.553299     -0.028597
0.558376     -0.028407
0.563452     -0.028230
0.568528     -0.028066
0.573604     -0.027881
0.578680     -0.027696
0.583756     -0.027512
0.588832     -0.027327
0.593909     -0.027155
0.598985     -0.026994
0.604061     -0.026815
0.609137     -0.026636
0.614213     -0.026457
0.619289     -0.026278
0.624365     -0.026110
0.629442     -0.025932
0.634518     -0.025746
0.639594     -0.025560
0.644670     -0.025375
0.649746     -0.025191
0.654822     -0.025000
0.659898     -0.024798
0.664975     -0.024597
0.670051     -0.024395
0.675127     -0.024202
0.680203     -0.023998
0.685279     -0.023788
0.690355     -0.023578
0.695431     -0.023372
0.700508     -0.023179
0.705584     -0.022971
0.710660     -0.022762
0.715736     -0.022554
0.720812     -0.022369
0.725888     -0.022166
0.730964     -0.021962
0.736041     -0.021759
0.741117     -0.021575
0.746193     -0.021374
0.751269     -0.021173
0.756345     -0.020978
0.761421     -0.020790
0.766497     -0.020591
0.771574     -0.020393
0.776650     -0.020213
0.781726     -0.020018
0.786802     -0.019822
0.791878     -0.019643
0.796954     -0.019453
0.802030     -0.019262
0.807107     -0.019086
0.812183     -0.018899
0.817259     -0.018711
0.822335     -0.018539
0.827411     -0.018354
0.832487     -0.018175
0.837563     -0.018001
0.842640     -0.017819
0.847716     -0.017652
0.852792     -0.017472
0.857868     -0.017306
0.862944     -0.017129
0.868020     -0.016963
0.873096     -0.016791
0.878173     -0.016629
0.883249     -0.016460
0.888325     -0.016302
0.893401     -0.016136
0.898477     -0.015984
0.903553     -0.015830
0.908629     -0.015678
0.913706     -0.015535
0.918782     -0.015395
0.923858     -0.015250
0.928934     -0.015119
0.934010     -0.014991
0.939086     -0.014866
0.944162     -0.014744
0.949239     -0.014627
0.954315     -0.014515
0.959391     -0.014410
0.964467     -0.014322
0.969543     -0.014240
0.974619     -0.014179
0.979695     -0.014134
0.984772     -0.014110
0.989848     -0.014108
0.994924     -0.014131
