Airfoil_rR0.550000.txt
1.000000     0.000000
0.994924     0.001249
0.989848     0.002497
0.984772     0.003750
0.979695     0.004998
0.974619     0.006247
0.969543     0.007492
0.964467     0.008730
0.959391     0.009965
0.954315     0.011202
0.949239     0.012426
0.944162     0.013642
0.939086     0.014853
0.934010     0.016057
0.928934     0.017248
0.923858     0.018426
0.918782     0.019600
0.913706     0.020776
0.908629     0.021939
0.903553     0.023074
0.898477     0.024227
0.893401     0.025357
0.888325     0.026475
0.883249     0.027602
0.878173     0.028689
0.873096     0.029805
0.868020     0.030868
0.862944     0.031967
0.857868     0.033011
0.852792     0.034084
0.847716     0.035119
0.842640     0.036158
0.837563     0.037192
0.832487     0.038191
0.827411     0.039230
0.822335     0.040208
0.817259     0.041197
0.812183     0.042196
0.807107     0.043144
0.802030     0.044115
0.796954     0.045080
0.791878     0.046002
0.786802     0.046945
0.781726     0.047889
0.776650     0.048782
0.771574     0.049687
0.766497     0.050617
0.761421     0.051485
0.756345     0.052347
0.751269     0.053239
0.746193     0.054113
0.741117     0.054941
0.736041     0.055773
0.730964     0.056634
0.725888     0.057460
0.720812     0.058251
0.715736     0.059047
0.710660     0.059873
0.705584     0.060671
0.700508     0.061426
0.695431     0.062181
0.690355     0.062960
0.685279     0.063743
0.680203     0.064456
0.675127     0.065167
0.670051     0.065883
0.664975     0.066611
0.659898     0.067323
0.654822     0.067978
0.649746     0.068633
0.644670     0.069291
0.639594     0.069954
0.634518     0.070606
0.629442     0.071195
0.624365     0.071785
0.619289     0.072374
0.614213     0.072976
0.609137     0.073578
0.604061     0.074129
0.598985     0.074656
0.593909     0.075183
0.588832     0.075718
0.583756     0.076268
0.578680     0.076819
0.573604     0.077307
0.568528     0.077781
0.563452     0.078256
0.558376     0.078733
0.553299     0.079221
0.548223     0.079708
0.543147     0.080155
0.538071     0.080566
0.532995     0.080977
0.527919     0.081389
0.522843     0.081804
0.517766     0.082222
0.512690     0.082639
0.507614     0.082996
0.502538     0.083336
0.497462     0.083677
0.492386     0.084017
0.487310     0.084358
0.482233     0.084699
0.477157     0.085041
0.472081     0.085323
0.467005     0.085586
0.461929     0.085850
0.456853     0.086113
0.451777     0.086376
0.446701     0.086637
0.441624     0.086898
0.436548     0.087089
0.431472     0.087273
0.426396     0.087457
0.421320     0.087641
0.416244     0.087822
0.411168     0.088003
0.406091     0.088145
0.401015     0.088249
0.395939     0.088354
0.390863     0.088458
0.385787     0.088558
0.380711     0.088658
0.375635     0.088715
0.370558     0.088738
0.365482     0.088761
0.360406     0.088782
0.355330     0.088799
0.350254     0.088816
0.345178     0.088757
0.340102     0.088698
0.335025     0.088638
0.329949     0.088577
0.324873     0.088515
0.319797     0.088394
0.314721     0.088257
0.309645     0.088120
0.304569     0.087971
0.299492     0.087819
0.294416     0.087598
0.289340     0.087372
0.284264     0.087143
0.279188     0.086898
0.274112     0.086622
0.269036     0.086305
0.263959     0.085987
0.258883     0.085683
0.253807     0.085365
0.248731     0.084989
0.243655     0.084613
0.238579     0.084272
0.233503     0.083915
0.228426     0.083507
0.223350     0.083101
0.218274     0.082726
0.213198     0.082305
0.208122     0.081858
0.203046     0.081421
0.197970     0.080977
0.192893     0.080479
0.187817     0.079982
0.182741     0.079485
0.177665     0.078924
0.172589     0.078361
0.167513     0.077786
0.162437     0.077151
0.157360     0.076508
0.152284     0.075834
0.147208     0.075116
0.142132     0.074375
0.137056     0.073581
0.131980     0.072759
0.126904     0.071887
0.121827     0.070978
0.116751     0.070008
0.111675     0.068993
0.106599     0.067914
0.101523     0.066784
0.096447     0.065573
0.091371     0.064311
0.086294     0.062949
0.081218     0.061522
0.076142     0.060005
0.071066     0.058379
0.065990     0.056660
0.060914     0.054837
0.055838     0.052859
0.050761     0.050742
0.045685     0.048466
0.040609     0.046002
0.035533     0.043320
0.030457     0.040385
0.025381     0.037107
0.020305     0.033435
0.015228     0.029195
0.010152     0.024152
0.005076     0.017503
0.005076     -0.005585
0.010152     -0.008150
0.015228     -0.009764
0.020305     -0.010851
0.025381     -0.011610
0.030457     -0.012115
0.035533     -0.012442
0.040609     -0.012624
0.045685     -0.012680
0.050761     -0.012637
0.055838     -0.012510
0.060914     -0.012313
0.065990     -0.012054
0.071066     -0.011726
0.076142     -0.011352
0.081218     -0.010954
0.086294     -0.010527
0.091371     -0.010032
0.096447     -0.009544
0.101523     -0.009032
0.106599     -0.008475
0.111675     -0.007951
0.116751     -0.007347
0.121827     -0.006804
0.126904     -0.006183
0.131980     -0.005631
0.137056     -0.004997
0.142132     -0.004449
0.147208     -0.003812
0.152284     -0.003243
0.157360     -0.002643
0.162437     -0.002042
0.167513     -0.001502
0.172589     -0.000889
0.177665     -0.000357
0.182741     0.000186
0.187817     0.000770
0.192893     0.001236
0.197970     0.001752
0.203046     0.002294
0.208122     0.002706
0.213198     0.003163
0.218274     0.003651
0.223350     0.004025
0.228426     0.004392
0.233503     0.004811
0.238579     0.005177
0.243655     0.005438
0.248731     0.005763
0.253807     0.006101
0.258883     0.006347
0.263959     0.006551
0.269036     0.006826
0.274112     0.007101
0.279188     0.007304
0.284264     0.007480
0.289340     0.007730
0.294416     0.007981
0.299492     0.008187
0.304569     0.008351
0.309645     0.008563
0.314721     0.008800
0.319797     0.009036
0.324873     0.009173
0.329949     0.009310
0.335025     0.009517
0.340102     0.009724
0.345178     0.009916
0.350254     0.010020
0.355330     0.010125
0.360406     0.010298
0.365482     0.010471
0.370558     0.010644
0.375635     0.010723
0.380711     0.010797
0.385787     0.010915
0.390863     0.011057
0.395939     0.011198
0.401015     0.011301
0.406091     0.011340
0.411168     0.011379
0.416244     0.011477
0.421320     0.011581
0.426396     0.011685
0.431472     0.011749
0.436548     0.011749
0.441624     0.011749
0.446701     0.011799
0.451777     0.011863
0.456853     0.011928
0.461929     0.011992
0.467005     0.011953
0.472081     0.011914
0.477157     0.011885
0.482233     0.011908
0.487310     0.011931
0.492386     0.011955
0.497462     0.011965
0.502538     0.011887
0.507614     0.011808
0.512690     0.011747
0.517766     0.011728
0.522843     0.011708
0.527919     0.011689
0.532995     0.011645
0.538071     0.011531
0.543147     0.011417
0.548223     0.011338
0.553299     0.011281
0.558376     0.011224
0.563452     0.011167
0.568528     0.011028
0.573604     0.010875
0.578680     0.010745
0.583756     0.010650
0.588832     0.010554
0.593909     0.010458
0.598985     0.010284
0.604061     0.010100
0.609137     0.009949
0.614213     0.009820
0.619289     0.009691
0.624365     0.009542
0.629442     0.009348
0.634518     0.009162
0.639594     0.009020
0.644670     0.008877
0.649746     0.008729
0.654822     0.008530
0.659898     0.008338
0.664975     0.008191
0.670051     0.008044
0.675127     0.007882
0.680203     0.007675
0.685279     0.007488
0.690355     0.007332
0.695431     0.007176
0.700508     0.006972
0.705584     0.006751
0.710660     0.006580
0.715736     0.006409
0.720812     0.006204
0.725888     0.005969
0.730964     0.005777
0.736041     0.005590
0.741117     0.005369
0.746193     0.005128
0.751269     0.004929
0.756345     0.004731
0.761421     0.004484
0.766497     0.004253
0.771574     0.004046
0.776650     0.003813
0.781726     0.003560
0.786802     0.003344
0.791878     0.003113
0.796954     0.002849
0.802030     0.002625
0.807107     0.002387
0.812183     0.002121
0.817259     0.001891
0.822335     0.001637
0.827411     0.001380
0.832487     0.001145
0.837563     0.000869
0.842640     0.000628
0.847716     0.000367
0.852792     0.000109
0.857868     -0.000142
0.862944     -0.000410
0.868020     -0.000659
0.873096     -0.000930
0.878173     -0.001182
0.883249     -0.001450
0.888325     -0.001710
0.893401     -0.001971
0.898477     -0.002244
0.903553     -0.002495
0.908629     -0.002768
0.913706     -0.003041
0.918782     -0.003300
0.923858     -0.003569
0.928934     -0.003843
0.934010     -0.004117
0.939086     -0.004390
0.944162     -0.004662
0.949239     -0.004934
0.954315     -0.005207
0.959391     -0.005480
0.964467     -0.005763
0.969543     -0.006046
0.974619     -0.006339
0.979695     -0.006636
0.984772     -0.006943
0.989848     -0.007256
0.994924     -0.007583
