Airfoil_rR0.350000.txt
1.000000     0.000000
0.994924     0.001229
0.989848     0.002453
0.984772     0.003673
0.979695     0.004883
0.974619     0.006087
0.969543     0.007283
0.964467     0.008468
0.959391     0.009646
0.954315     0.010816
0.949239     0.011972
0.944162     0.013119
0.939086     0.014255
0.934010     0.015382
0.928934     0.016496
0.923858     0.017596
0.918782     0.018685
0.913706     0.019769
0.908629     0.020841
0.903553     0.021893
0.898477     0.022942
0.893401     0.023977
0.888325     0.024996
0.883249     0.026015
0.878173     0.027008
0.873096     0.028004
0.868020     0.028974
0.862944     0.029947
0.857868     0.030893
0.852792     0.031841
0.847716     0.032766
0.842640     0.033688
0.837563     0.034595
0.832487     0.035489
0.827411     0.036382
0.822335     0.037248
0.817259     0.038112
0.812183     0.038967
0.807107     0.039803
0.802030     0.040635
0.796954     0.041456
0.791878     0.042260
0.786802     0.043060
0.781726     0.043850
0.776650     0.044622
0.771574     0.045388
0.766497     0.046151
0.761421     0.046888
0.756345     0.047621
0.751269     0.048346
0.746193     0.049060
0.741117     0.049758
0.736041     0.050447
0.730964     0.051131
0.725888     0.051799
0.720812     0.052457
0.715736     0.053105
0.710660     0.053748
0.705584     0.054378
0.700508     0.054995
0.695431     0.055603
0.690355     0.056199
0.685279     0.056794
0.680203     0.057364
0.675127     0.057934
0.670051     0.058476
0.664975     0.059014
0.659898     0.059542
0.654822     0.060054
0.649746     0.060566
0.644670     0.061036
0.639594     0.061503
0.634518     0.061964
0.629442     0.062406
0.624365     0.062849
0.619289     0.063262
0.614213     0.063661
0.609137     0.064061
0.604061     0.064441
0.598985     0.064817
0.593909     0.065190
0.588832     0.065536
0.583756     0.065881
0.578680     0.066226
0.573604     0.066548
0.568528     0.066869
0.563452     0.067190
0.558376     0.067472
0.553299     0.067753
0.548223     0.068035
0.543147     0.068300
0.538071     0.068558
0.532995     0.068816
0.527919     0.069050
0.522843     0.069261
0.517766     0.069473
0.512690     0.069684
0.507614     0.069873
0.502538     0.070062
0.497462     0.070251
0.492386     0.070411
0.487310     0.070549
0.482233     0.070687
0.477157     0.070826
0.472081     0.070942
0.467005     0.071058
0.461929     0.071175
0.456853     0.071260
0.451777     0.071325
0.446701     0.071390
0.441624     0.071450
0.436548     0.071494
0.431472     0.071538
0.426396     0.071576
0.421320     0.071570
0.416244     0.071565
0.411168     0.071559
0.406091     0.071533
0.401015     0.071507
0.395939     0.071478
0.390863     0.071403
0.385787     0.071328
0.380711     0.071250
0.375635     0.071155
0.370558     0.071059
0.365482     0.070944
0.360406     0.070800
0.355330     0.070656
0.350254     0.070499
0.345178     0.070336
0.340102     0.070166
0.335025     0.069959
0.329949     0.069751
0.324873     0.069532
0.319797     0.069306
0.314721     0.069069
0.309645     0.068795
0.304569     0.068521
0.299492     0.068232
0.294416     0.067940
0.289340     0.067613
0.284264     0.067265
0.279188     0.066910
0.274112     0.066546
0.269036     0.066168
0.263959     0.065766
0.258883     0.065360
0.253807     0.064942
0.248731     0.064520
0.243655     0.064092
0.238579     0.063655
0.233503     0.063210
0.228426     0.062761
0.223350     0.062309
0.218274     0.061843
0.213198     0.061373
0.208122     0.060891
0.203046     0.060400
0.197970     0.059903
0.192893     0.059382
0.187817     0.058855
0.182741     0.058320
0.177665     0.057756
0.172589     0.057183
0.167513     0.056599
0.162437     0.055983
0.157360     0.055357
0.152284     0.054705
0.147208     0.054030
0.142132     0.053342
0.137056     0.052610
0.131980     0.051867
0.126904     0.051078
0.121827     0.050274
0.116751     0.049423
0.111675     0.048551
0.106599     0.047626
0.101523     0.046680
0.096447     0.045667
0.091371     0.044626
0.086294     0.043524
0.081218     0.042368
0.076142     0.041164
0.071066     0.039888
0.065990     0.038535
0.060914     0.037111
0.055838     0.035604
0.050761     0.034002
0.045685     0.032293
0.040609     0.030459
0.035533     0.028483
0.030457     0.026349
0.025381     0.023997
0.020305     0.021403
0.015228     0.018442
0.010152     0.014937
0.005076     0.010465
0.005076     -0.005655
0.010152     -0.007471
0.015228     -0.008508
0.020305     -0.009123
0.025381     -0.009459
0.030457     -0.009593
0.035533     -0.009576
0.040609     -0.009441
0.045685     -0.009205
0.050761     -0.008890
0.055838     -0.008506
0.060914     -0.008063
0.065990     -0.007569
0.071066     -0.007030
0.076142     -0.006451
0.081218     -0.005842
0.086294     -0.005206
0.091371     -0.004546
0.096447     -0.003867
0.101523     -0.003170
0.106599     -0.002460
0.111675     -0.001739
0.116751     -0.001009
0.121827     -0.000275
0.126904     0.000466
0.131980     0.001204
0.137056     0.001947
0.142132     0.002683
0.147208     0.003419
0.152284     0.004151
0.157360     0.004870
0.162437     0.005598
0.167513     0.006291
0.172589     0.006992
0.177665     0.007677
0.182741     0.008334
0.187817     0.009004
0.192893     0.009633
0.197970     0.010244
0.203046     0.010865
0.208122     0.011435
0.213198     0.011983
0.218274     0.012543
0.223350     0.013058
0.228426     0.013530
0.233503     0.014012
0.238579     0.014489
0.243655     0.014876
0.248731     0.015267
0.253807     0.015669
0.258883     0.016039
0.263959     0.016364
0.269036     0.016696
0.274112     0.017038
0.279188     0.017357
0.284264     0.017653
0.289340     0.017955
0.294416     0.018268
0.299492     0.018569
0.304569     0.018842
0.309645     0.019114
0.314721     0.019404
0.319797     0.019693
0.324873     0.019941
0.329949     0.020176
0.335025     0.020416
0.340102     0.020669
0.345178     0.020922
0.350254     0.021120
0.355330     0.021314
0.360406     0.021513
0.365482     0.021725
0.370558     0.021937
0.375635     0.022105
0.380711     0.022259
0.385787     0.022412
0.390863     0.022582
0.395939     0.022754
0.401015     0.022915
0.406091     0.023022
0.411168     0.023129
0.416244     0.023238
0.421320     0.023364
0.426396     0.023490
0.431472     0.023603
0.436548     0.023661
0.441624     0.023719
0.446701     0.023777
0.451777     0.023853
0.456853     0.023930
0.461929     0.024007
0.467005     0.024028
0.472081     0.024034
0.477157     0.024041
0.482233     0.024053
0.487310     0.024079
0.492386     0.024105
0.497462     0.024131
0.502538     0.024087
0.507614     0.024040
0.512690     0.023992
0.517766     0.023953
0.522843     0.023925
0.527919     0.023897
0.532995     0.023864
0.538071     0.023768
0.543147     0.023671
0.548223     0.023574
0.553299     0.023494
0.558376     0.023417
0.563452     0.023341
0.568528     0.023217
0.573604     0.023071
0.578680     0.022924
0.583756     0.022791
0.588832     0.022665
0.593909     0.022539
0.598985     0.022368
0.604061     0.022178
0.609137     0.021988
0.614213     0.021816
0.619289     0.021647
0.624365     0.021472
0.629442     0.021258
0.634518     0.021044
0.639594     0.020840
0.644670     0.020647
0.649746     0.020454
0.654822     0.020227
0.659898     0.019999
0.664975     0.019780
0.670051     0.019573
0.675127     0.019362
0.680203     0.019114
0.685279     0.018866
0.690355     0.018636
0.695431     0.018409
0.700508     0.018156
0.705584     0.017883
0.710660     0.017620
0.715736     0.017369
0.720812     0.017101
0.725888     0.016803
0.730964     0.016512
0.736041     0.016236
0.741117     0.015942
0.746193     0.015625
0.751269     0.015321
0.756345     0.015025
0.761421     0.014700
0.766497     0.014366
0.771574     0.014053
0.776650     0.013727
0.781726     0.013375
0.786802     0.013040
0.791878     0.012704
0.796954     0.012338
0.802030     0.011985
0.807107     0.011634
0.812183     0.011254
0.817259     0.010891
0.822335     0.010519
0.827411     0.010130
0.832487     0.009761
0.837563     0.009365
0.842640     0.008977
0.847716     0.008586
0.852792     0.008182
0.857868     0.007790
0.862944     0.007374
0.868020     0.006978
0.873096     0.006555
0.878173     0.006151
0.883249     0.005724
0.888325     0.005309
0.893401     0.004881
0.898477     0.004452
0.903553     0.004026
0.908629     0.003584
0.913706     0.003146
0.918782     0.002708
0.923858     0.002260
0.928934     0.001808
0.934010     0.001354
0.939086     0.000900
0.944162     0.000442
0.949239     -0.000019
0.954315     -0.000483
0.959391     -0.000948
0.964467     -0.001421
0.969543     -0.001899
0.974619     -0.002384
0.979695     -0.002874
0.984772     -0.003373
0.989848     -0.003879
0.994924     -0.004396
