Airfoil_rR0.625000.txt
1.000000     0.000000
0.994924     0.001130
0.989848     0.002259
0.984772     0.003388
0.979695     0.004516
0.974619     0.005645
0.969543     0.006776
0.964467     0.007904
0.959391     0.009034
0.954315     0.010168
0.949239     0.011297
0.944162     0.012426
0.939086     0.013552
0.934010     0.014676
0.928934     0.015798
0.923858     0.016907
0.918782     0.018016
0.913706     0.019122
0.908629     0.020224
0.903553     0.021306
0.898477     0.022392
0.893401     0.023472
0.888325     0.024533
0.883249     0.025602
0.878173     0.026648
0.873096     0.027705
0.868020     0.028739
0.862944     0.029785
0.857868     0.030807
0.852792     0.031842
0.847716     0.032848
0.842640     0.033866
0.837563     0.034864
0.832487     0.035854
0.827411     0.036855
0.822335     0.037827
0.817259     0.038805
0.812183     0.039776
0.807107     0.040728
0.802030     0.041695
0.796954     0.042636
0.791878     0.043568
0.786802     0.044514
0.781726     0.045437
0.776650     0.046348
0.771574     0.047261
0.766497     0.048181
0.761421     0.049069
0.756345     0.049956
0.751269     0.050868
0.746193     0.051729
0.741117     0.052590
0.736041     0.053450
0.730964     0.054331
0.725888     0.055163
0.720812     0.055994
0.715736     0.056826
0.710660     0.057683
0.705584     0.058487
0.700508     0.059290
0.695431     0.060093
0.690355     0.060919
0.685279     0.061700
0.680203     0.062468
0.675127     0.063235
0.670051     0.064003
0.664975     0.064786
0.659898     0.065505
0.654822     0.066224
0.649746     0.066943
0.644670     0.067663
0.639594     0.068390
0.634518     0.069050
0.629442     0.069710
0.624365     0.070370
0.619289     0.071030
0.614213     0.071710
0.609137     0.072335
0.604061     0.072943
0.598985     0.073551
0.593909     0.074158
0.588832     0.074766
0.583756     0.075410
0.578680     0.075972
0.573604     0.076535
0.568528     0.077098
0.563452     0.077661
0.558376     0.078223
0.553299     0.078809
0.548223     0.079329
0.543147     0.079834
0.538071     0.080339
0.532995     0.080844
0.527919     0.081349
0.522843     0.081860
0.517766     0.082371
0.512690     0.082811
0.507614     0.083251
0.502538     0.083691
0.497462     0.084131
0.492386     0.084571
0.487310     0.085014
0.482233     0.085460
0.477157     0.085828
0.472081     0.086196
0.467005     0.086564
0.461929     0.086932
0.456853     0.087300
0.451777     0.087670
0.446701     0.088038
0.441624     0.088329
0.436548     0.088621
0.431472     0.088912
0.426396     0.089203
0.421320     0.089494
0.416244     0.089792
0.411168     0.090039
0.406091     0.090252
0.401015     0.090465
0.395939     0.090678
0.390863     0.090891
0.385787     0.091108
0.380711     0.091281
0.375635     0.091413
0.370558     0.091544
0.365482     0.091676
0.360406     0.091807
0.355330     0.091943
0.350254     0.092004
0.345178     0.092052
0.340102     0.092099
0.335025     0.092147
0.329949     0.092198
0.324873     0.092206
0.319797     0.092173
0.314721     0.092141
0.309645     0.092108
0.304569     0.092074
0.299492     0.091982
0.294416     0.091854
0.289340     0.091726
0.284264     0.091598
0.279188     0.091465
0.274112     0.091245
0.269036     0.091022
0.263959     0.090800
0.258883     0.090585
0.253807     0.090333
0.248731     0.090053
0.243655     0.089773
0.238579     0.089502
0.233503     0.089208
0.228426     0.088886
0.223350     0.088564
0.218274     0.088252
0.213198     0.087884
0.208122     0.087509
0.203046     0.087134
0.197970     0.086734
0.192893     0.086295
0.187817     0.085855
0.182741     0.085396
0.177665     0.084878
0.172589     0.084361
0.167513     0.083818
0.162437     0.083211
0.157360     0.082604
0.152284     0.081949
0.147208     0.081242
0.142132     0.080532
0.137056     0.079732
0.131980     0.078915
0.126904     0.078044
0.121827     0.077109
0.116751     0.076148
0.111675     0.075086
0.106599     0.074006
0.101523     0.072812
0.096447     0.071590
0.091371     0.070247
0.086294     0.068851
0.081218     0.067348
0.076142     0.065739
0.071066     0.064052
0.065990     0.062210
0.060914     0.060244
0.055838     0.058149
0.050761     0.055895
0.045685     0.053455
0.040609     0.050791
0.035533     0.047883
0.030457     0.044662
0.025381     0.041081
0.020305     0.037075
0.015228     0.032422
0.010152     0.026810
0.005076     0.019405
0.005076     -0.005624
0.010152     -0.008350
0.015228     -0.010161
0.020305     -0.011455
0.025381     -0.012429
0.030457     -0.013181
0.035533     -0.013754
0.040609     -0.014183
0.045685     -0.014503
0.050761     -0.014730
0.055838     -0.014876
0.060914     -0.014955
0.065990     -0.014977
0.071066     -0.014951
0.076142     -0.014857
0.081218     -0.014733
0.086294     -0.014584
0.091371     -0.014398
0.096447     -0.014169
0.101523     -0.013943
0.106599     -0.013663
0.111675     -0.013398
0.116751     -0.013089
0.121827     -0.012797
0.126904     -0.012469
0.131980     -0.012156
0.137056     -0.011803
0.142132     -0.011487
0.147208     -0.011123
0.152284     -0.010805
0.157360     -0.010436
0.162437     -0.010102
0.167513     -0.009751
0.172589     -0.009384
0.177665     -0.009077
0.182741     -0.008720
0.187817     -0.008364
0.192893     -0.008078
0.197970     -0.007741
0.203046     -0.007403
0.208122     -0.007147
0.213198     -0.006838
0.218274     -0.006530
0.223350     -0.006303
0.228426     -0.006034
0.233503     -0.005765
0.238579     -0.005541
0.243655     -0.005346
0.248731     -0.005128
0.253807     -0.004910
0.258883     -0.004775
0.263959     -0.004603
0.269036     -0.004431
0.274112     -0.004260
0.279188     -0.004155
0.284264     -0.003999
0.289340     -0.003844
0.294416     -0.003688
0.299492     -0.003574
0.304569     -0.003437
0.309645     -0.003283
0.314721     -0.003130
0.319797     -0.002976
0.324873     -0.002899
0.329949     -0.002764
0.335025     -0.002629
0.340102     -0.002493
0.345178     -0.002370
0.350254     -0.002308
0.355330     -0.002195
0.360406     -0.002082
0.365482     -0.001969
0.370558     -0.001856
0.375635     -0.001823
0.380711     -0.001730
0.385787     -0.001636
0.390863     -0.001543
0.395939     -0.001449
0.401015     -0.001390
0.406091     -0.001359
0.411168     -0.001290
0.416244     -0.001221
0.421320     -0.001152
0.426396     -0.001083
0.431472     -0.001050
0.436548     -0.001046
0.441624     -0.001003
0.446701     -0.000959
0.451777     -0.000916
0.456853     -0.000873
0.461929     -0.000830
0.467005     -0.000874
0.472081     -0.000861
0.477157     -0.000844
0.482233     -0.000828
0.487310     -0.000811
0.492386     -0.000794
0.497462     -0.000788
0.502538     -0.000854
0.507614     -0.000866
0.512690     -0.000878
0.517766     -0.000889
0.522843     -0.000901
0.527919     -0.000913
0.532995     -0.000946
0.538071     -0.001021
0.543147     -0.001056
0.548223     -0.001092
0.553299     -0.001128
0.558376     -0.001163
0.563452     -0.001199
0.568528     -0.001302
0.573604     -0.001365
0.578680     -0.001426
0.583756     -0.001487
0.588832     -0.001547
0.593909     -0.001608
0.598985     -0.001730
0.604061     -0.001812
0.609137     -0.001894
0.614213     -0.001976
0.619289     -0.002057
0.624365     -0.002155
0.629442     -0.002263
0.634518     -0.002349
0.639594     -0.002435
0.644670     -0.002520
0.649746     -0.002611
0.654822     -0.002718
0.659898     -0.002797
0.664975     -0.002876
0.670051     -0.002955
0.675127     -0.003046
0.680203     -0.003142
0.685279     -0.003220
0.690355     -0.003298
0.695431     -0.003376
0.700508     -0.003485
0.705584     -0.003570
0.710660     -0.003655
0.715736     -0.003739
0.720812     -0.003849
0.725888     -0.003944
0.730964     -0.004037
0.736041     -0.004130
0.741117     -0.004246
0.746193     -0.004342
0.751269     -0.004438
0.756345     -0.004533
0.761421     -0.004651
0.766497     -0.004749
0.771574     -0.004847
0.776650     -0.004963
0.781726     -0.005064
0.786802     -0.005164
0.791878     -0.005275
0.796954     -0.005383
0.802030     -0.005485
0.807107     -0.005597
0.812183     -0.005703
0.817259     -0.005806
0.822335     -0.005921
0.827411     -0.006023
0.832487     -0.006125
0.837563     -0.006238
0.842640     -0.006339
0.847716     -0.006450
0.852792     -0.006549
0.857868     -0.006655
0.862944     -0.006754
0.868020     -0.006856
0.873096     -0.006955
0.878173     -0.007055
0.883249     -0.007152
0.888325     -0.007252
0.893401     -0.007344
0.898477     -0.007443
0.903553     -0.007535
0.908629     -0.007631
0.913706     -0.007727
0.918782     -0.007821
0.923858     -0.007912
0.928934     -0.008006
0.934010     -0.008100
0.939086     -0.008192
0.944162     -0.008283
0.949239     -0.008373
0.954315     -0.008464
0.959391     -0.008555
0.964467     -0.008652
0.969543     -0.008751
0.974619     -0.008857
0.979695     -0.008971
0.984772     -0.009092
0.989848     -0.009223
0.994924     -0.009367
