Airfoil_rR0.675000.txt
1.000000     0.000000
0.994924     0.001105
0.989848     0.002210
0.984772     0.003322
0.979695     0.004427
0.974619     0.005536
0.969543     0.006640
0.964467     0.007751
0.959391     0.008853
0.954315     0.009968
0.949239     0.011082
0.944162     0.012193
0.939086     0.013301
0.934010     0.014406
0.928934     0.015506
0.923858     0.016603
0.918782     0.017712
0.913706     0.018821
0.908629     0.019903
0.903553     0.020990
0.898477     0.022094
0.893401     0.023155
0.888325     0.024243
0.883249     0.025310
0.878173     0.026374
0.873096     0.027440
0.868020     0.028488
0.862944     0.029543
0.857868     0.030583
0.852792     0.031618
0.847716     0.032659
0.842640     0.033664
0.837563     0.034717
0.832487     0.035701
0.827411     0.036722
0.822335     0.037727
0.817259     0.038697
0.812183     0.039721
0.807107     0.040690
0.802030     0.041653
0.796954     0.042660
0.791878     0.043606
0.786802     0.044549
0.781726     0.045539
0.776650     0.046475
0.771574     0.047390
0.766497     0.048355
0.761421     0.049298
0.756345     0.050192
0.751269     0.051109
0.746193     0.052055
0.741117     0.052944
0.736041     0.053814
0.730964     0.054719
0.725888     0.055638
0.720812     0.056491
0.715736     0.057335
0.710660     0.058213
0.705584     0.059107
0.700508     0.059945
0.695431     0.060764
0.690355     0.061598
0.685279     0.062459
0.680203     0.063298
0.675127     0.064083
0.670051     0.064868
0.664975     0.065676
0.659898     0.066491
0.654822     0.067266
0.649746     0.068005
0.644670     0.068744
0.639594     0.069499
0.634518     0.070258
0.629442     0.070987
0.624365     0.071670
0.619289     0.072352
0.614213     0.073048
0.609137     0.073758
0.604061     0.074468
0.598985     0.075110
0.593909     0.075744
0.588832     0.076377
0.583756     0.077036
0.578680     0.077704
0.573604     0.078371
0.568528     0.078963
0.563452     0.079554
0.558376     0.080146
0.553299     0.080750
0.548223     0.081362
0.543147     0.081973
0.538071     0.082536
0.532995     0.083072
0.527919     0.083608
0.522843     0.084145
0.517766     0.084694
0.512690     0.085242
0.507614     0.085791
0.502538     0.086275
0.497462     0.086749
0.492386     0.087223
0.487310     0.087697
0.482233     0.088174
0.477157     0.088650
0.472081     0.089127
0.467005     0.089545
0.461929     0.089948
0.456853     0.090351
0.451777     0.090754
0.446701     0.091154
0.441624     0.091553
0.436548     0.091952
0.431472     0.092285
0.426396     0.092612
0.421320     0.092939
0.416244     0.093263
0.411168     0.093582
0.406091     0.093900
0.401015     0.094182
0.395939     0.094430
0.390863     0.094677
0.385787     0.094923
0.380711     0.095156
0.375635     0.095390
0.370558     0.095585
0.365482     0.095749
0.360406     0.095912
0.355330     0.096069
0.350254     0.096215
0.345178     0.096362
0.340102     0.096443
0.335025     0.096520
0.329949     0.096598
0.324873     0.096659
0.319797     0.096721
0.314721     0.096732
0.309645     0.096726
0.304569     0.096720
0.299492     0.096679
0.294416     0.096638
0.289340     0.096540
0.284264     0.096433
0.279188     0.096316
0.274112     0.096177
0.269036     0.096017
0.263959     0.095813
0.258883     0.095609
0.253807     0.095408
0.248731     0.095201
0.243655     0.094937
0.238579     0.094672
0.233503     0.094419
0.228426     0.094157
0.223350     0.093842
0.218274     0.093527
0.213198     0.093211
0.208122     0.092865
0.203046     0.092487
0.197970     0.092101
0.192893     0.091706
0.187817     0.091254
0.182741     0.090794
0.177665     0.090312
0.172589     0.089780
0.167513     0.089232
0.162437     0.088648
0.157360     0.088014
0.152284     0.087356
0.147208     0.086655
0.142132     0.085905
0.137056     0.085110
0.131980     0.084264
0.126904     0.083379
0.121827     0.082421
0.116751     0.081420
0.111675     0.080336
0.106599     0.079199
0.101523     0.077977
0.096447     0.076693
0.091371     0.075310
0.086294     0.073863
0.081218     0.072279
0.076142     0.070621
0.071066     0.068836
0.065990     0.066920
0.060914     0.064879
0.055838     0.062691
0.050761     0.060299
0.045685     0.057721
0.040609     0.054923
0.035533     0.051864
0.030457     0.048496
0.025381     0.044733
0.020305     0.040463
0.015228     0.035549
0.010152     0.029627
0.005076     0.021783
0.005076     -0.004603
0.010152     -0.007521
0.015228     -0.009523
0.020305     -0.011027
0.025381     -0.012220
0.030457     -0.013184
0.035533     -0.013992
0.040609     -0.014645
0.045685     -0.015194
0.050761     -0.015652
0.055838     -0.016032
0.060914     -0.016345
0.065990     -0.016603
0.071066     -0.016798
0.076142     -0.016932
0.081218     -0.017045
0.086294     -0.017147
0.091371     -0.017171
0.096447     -0.017188
0.101523     -0.017203
0.106599     -0.017134
0.111675     -0.017120
0.116751     -0.017010
0.121827     -0.016954
0.126904     -0.016817
0.131980     -0.016736
0.137056     -0.016563
0.142132     -0.016479
0.147208     -0.016281
0.152284     -0.016158
0.157360     -0.015979
0.162437     -0.015800
0.167513     -0.015663
0.172589     -0.015437
0.177665     -0.015286
0.182741     -0.015105
0.187817     -0.014874
0.192893     -0.014738
0.197970     -0.014541
0.203046     -0.014310
0.208122     -0.014173
0.213198     -0.013987
0.218274     -0.013762
0.223350     -0.013613
0.228426     -0.013461
0.233503     -0.013250
0.238579     -0.013075
0.243655     -0.012960
0.248731     -0.012794
0.253807     -0.012608
0.258883     -0.012492
0.263959     -0.012405
0.269036     -0.012256
0.274112     -0.012104
0.279188     -0.012007
0.284264     -0.011927
0.289340     -0.011791
0.294416     -0.011648
0.299492     -0.011534
0.304569     -0.011446
0.309645     -0.011327
0.314721     -0.011177
0.319797     -0.011029
0.324873     -0.010949
0.329949     -0.010868
0.335025     -0.010738
0.340102     -0.010598
0.345178     -0.010472
0.350254     -0.010403
0.355330     -0.010334
0.360406     -0.010218
0.365482     -0.010093
0.370558     -0.009968
0.375635     -0.009907
0.380711     -0.009848
0.385787     -0.009764
0.390863     -0.009651
0.395939     -0.009537
0.401015     -0.009452
0.406091     -0.009408
0.411168     -0.009363
0.416244     -0.009281
0.421320     -0.009184
0.426396     -0.009088
0.431472     -0.009021
0.436548     -0.008992
0.441624     -0.008964
0.446701     -0.008908
0.451777     -0.008829
0.456853     -0.008750
0.461929     -0.008674
0.467005     -0.008662
0.472081     -0.008650
0.477157     -0.008638
0.482233     -0.008581
0.487310     -0.008521
0.492386     -0.008461
0.497462     -0.008412
0.502538     -0.008420
0.507614     -0.008427
0.512690     -0.008431
0.517766     -0.008392
0.522843     -0.008353
0.527919     -0.008314
0.532995     -0.008294
0.538071     -0.008317
0.543147     -0.008341
0.548223     -0.008345
0.553299     -0.008323
0.558376     -0.008302
0.563452     -0.008280
0.568528     -0.008316
0.573604     -0.008358
0.578680     -0.008391
0.583756     -0.008389
0.588832     -0.008387
0.593909     -0.008384
0.598985     -0.008438
0.604061     -0.008495
0.609137     -0.008534
0.614213     -0.008548
0.619289     -0.008562
0.624365     -0.008591
0.629442     -0.008647
0.634518     -0.008703
0.639594     -0.008716
0.644670     -0.008730
0.649746     -0.008748
0.654822     -0.008795
0.659898     -0.008841
0.664975     -0.008845
0.670051     -0.008849
0.675127     -0.008865
0.680203     -0.008907
0.685279     -0.008937
0.690355     -0.008937
0.695431     -0.008936
0.700508     -0.008972
0.705584     -0.009017
0.710660     -0.009026
0.715736     -0.009029
0.720812     -0.009059
0.725888     -0.009110
0.730964     -0.009128
0.736041     -0.009137
0.741117     -0.009173
0.746193     -0.009226
0.751269     -0.009238
0.756345     -0.009248
0.761421     -0.009300
0.766497     -0.009336
0.771574     -0.009347
0.776650     -0.009381
0.781726     -0.009432
0.786802     -0.009445
0.791878     -0.009471
0.796954     -0.009527
0.802030     -0.009540
0.807107     -0.009568
0.812183     -0.009620
0.817259     -0.009632
0.822335     -0.009669
0.827411     -0.009707
0.832487     -0.009718
0.837563     -0.009770
0.842640     -0.009786
0.847716     -0.009819
0.852792     -0.009848
0.857868     -0.009868
0.862944     -0.009903
0.868020     -0.009916
0.873096     -0.009952
0.878173     -0.009964
0.883249     -0.009993
0.888325     -0.010011
0.893401     -0.010030
0.898477     -0.010060
0.903553     -0.010065
0.908629     -0.010093
0.913706     -0.010120
0.918782     -0.010131
0.923858     -0.010150
0.928934     -0.010177
0.934010     -0.010202
0.939086     -0.010226
0.944162     -0.010247
0.949239     -0.010267
0.954315     -0.010286
0.959391     -0.010306
0.964467     -0.010339
0.969543     -0.010372
0.974619     -0.010418
0.979695     -0.010468
0.984772     -0.010533
0.989848     -0.010605
0.994924     -0.010697
