Airfoil_rR0.400000.txt
1.000000     0.000000
0.994924     0.001272
0.989848     0.002542
0.984772     0.003806
0.979695     0.005064
0.974619     0.006316
0.969543     0.007561
0.964467     0.008796
0.959391     0.010024
0.954315     0.011240
0.949239     0.012446
0.944162     0.013642
0.939086     0.014828
0.934010     0.016002
0.928934     0.017166
0.923858     0.018319
0.918782     0.019460
0.913706     0.020588
0.908629     0.021706
0.903553     0.022816
0.898477     0.023907
0.893401     0.024992
0.888325     0.026064
0.883249     0.027123
0.878173     0.028176
0.873096     0.029210
0.868020     0.030241
0.862944     0.031249
0.857868     0.032256
0.852792     0.033243
0.847716     0.034224
0.842640     0.035191
0.837563     0.036145
0.832487     0.037097
0.827411     0.038022
0.822335     0.038947
0.817259     0.039858
0.812183     0.040753
0.807107     0.041648
0.802030     0.042521
0.796954     0.043385
0.791878     0.044248
0.786802     0.045089
0.781726     0.045918
0.776650     0.046748
0.771574     0.047561
0.766497     0.048355
0.761421     0.049149
0.756345     0.049941
0.751269     0.050696
0.746193     0.051450
0.741117     0.052204
0.736041     0.052945
0.730964     0.053657
0.725888     0.054370
0.720812     0.055083
0.715736     0.055781
0.710660     0.056452
0.705584     0.057124
0.700508     0.057795
0.695431     0.058461
0.690355     0.059085
0.685279     0.059708
0.680203     0.060332
0.675127     0.060955
0.670051     0.061545
0.664975     0.062109
0.659898     0.062672
0.654822     0.063236
0.649746     0.063800
0.644670     0.064315
0.639594     0.064808
0.634518     0.065301
0.629442     0.065794
0.624365     0.066287
0.619289     0.066752
0.614213     0.067176
0.609137     0.067600
0.604061     0.068025
0.598985     0.068449
0.593909     0.068873
0.588832     0.069258
0.583756     0.069626
0.578680     0.069995
0.573604     0.070363
0.568528     0.070731
0.563452     0.071099
0.558376     0.071424
0.553299     0.071726
0.548223     0.072028
0.543147     0.072331
0.538071     0.072633
0.532995     0.072935
0.527919     0.073223
0.522843     0.073455
0.517766     0.073684
0.512690     0.073914
0.507614     0.074144
0.502538     0.074374
0.497462     0.074603
0.492386     0.074816
0.487310     0.074972
0.482233     0.075126
0.477157     0.075281
0.472081     0.075435
0.467005     0.075589
0.461929     0.075744
0.456853     0.075879
0.451777     0.075957
0.446701     0.076034
0.441624     0.076112
0.436548     0.076190
0.431472     0.076268
0.426396     0.076345
0.421320     0.076368
0.416244     0.076371
0.411168     0.076375
0.406091     0.076379
0.401015     0.076383
0.395939     0.076387
0.390863     0.076340
0.385787     0.076271
0.380711     0.076202
0.375635     0.076133
0.370558     0.076064
0.365482     0.075987
0.360406     0.075849
0.355330     0.075706
0.350254     0.075563
0.345178     0.075420
0.340102     0.075277
0.335025     0.075083
0.329949     0.074873
0.324873     0.074662
0.319797     0.074452
0.314721     0.074241
0.309645     0.073971
0.304569     0.073690
0.299492     0.073409
0.294416     0.073128
0.289340     0.072825
0.284264     0.072465
0.279188     0.072104
0.274112     0.071744
0.269036     0.071381
0.263959     0.070970
0.258883     0.070554
0.253807     0.070138
0.248731     0.069722
0.243655     0.069282
0.238579     0.068838
0.233503     0.068394
0.228426     0.067946
0.223350     0.067476
0.218274     0.067005
0.213198     0.066534
0.208122     0.066038
0.203046     0.065532
0.197970     0.065027
0.192893     0.064498
0.187817     0.063950
0.182741     0.063402
0.177665     0.062827
0.172589     0.062230
0.167513     0.061632
0.162437     0.060993
0.157360     0.060339
0.152284     0.059676
0.147208     0.058961
0.142132     0.058245
0.137056     0.057479
0.131980     0.056695
0.126904     0.055877
0.121827     0.055019
0.116751     0.054134
0.111675     0.053199
0.106599     0.052232
0.101523     0.051216
0.096447     0.050150
0.091371     0.049047
0.086294     0.047865
0.081218     0.046642
0.076142     0.045352
0.071066     0.043978
0.065990     0.042538
0.060914     0.041019
0.055838     0.039407
0.050761     0.037680
0.045685     0.035836
0.040609     0.033860
0.035533     0.031713
0.030457     0.029386
0.025381     0.026850
0.020305     0.024004
0.015228     0.020776
0.010152     0.016969
0.005076     0.012079
0.005076     -0.005565
0.010152     -0.007560
0.015228     -0.008708
0.020305     -0.009410
0.025381     -0.009810
0.030457     -0.009987
0.035533     -0.010015
0.040609     -0.009906
0.045685     -0.009684
0.050761     -0.009375
0.055838     -0.008991
0.060914     -0.008545
0.065990     -0.008046
0.071066     -0.007499
0.076142     -0.006905
0.081218     -0.006280
0.086294     -0.005630
0.091371     -0.004951
0.096447     -0.004249
0.101523     -0.003536
0.106599     -0.002800
0.111675     -0.002058
0.116751     -0.001305
0.121827     -0.000547
0.126904     0.000217
0.131980     0.000979
0.137056     0.001745
0.142132     0.002504
0.147208     0.003265
0.152284     0.004015
0.157360     0.004761
0.162437     0.005503
0.167513     0.006220
0.172589     0.006941
0.177665     0.007637
0.182741     0.008319
0.187817     0.009001
0.192893     0.009640
0.197970     0.010271
0.203046     0.010902
0.208122     0.011477
0.213198     0.012043
0.218274     0.012609
0.223350     0.013122
0.228426     0.013610
0.233503     0.014097
0.238579     0.014564
0.243655     0.014962
0.248731     0.015361
0.253807     0.015761
0.258883     0.016119
0.263959     0.016453
0.269036     0.016788
0.274112     0.017122
0.279188     0.017431
0.284264     0.017734
0.289340     0.018038
0.294416     0.018342
0.299492     0.018629
0.304569     0.018910
0.309645     0.019191
0.314721     0.019472
0.319797     0.019752
0.324873     0.019993
0.329949     0.020236
0.335025     0.020480
0.340102     0.020723
0.345178     0.020966
0.350254     0.021159
0.355330     0.021360
0.360406     0.021562
0.365482     0.021764
0.370558     0.021965
0.375635     0.022124
0.380711     0.022284
0.385787     0.022444
0.390863     0.022604
0.395939     0.022765
0.401015     0.022907
0.406091     0.023016
0.411168     0.023130
0.416244     0.023243
0.421320     0.023357
0.426396     0.023470
0.431472     0.023563
0.436548     0.023623
0.441624     0.023687
0.446701     0.023752
0.451777     0.023816
0.456853     0.023880
0.461929     0.023944
0.467005     0.023952
0.472081     0.023965
0.477157     0.023977
0.482233     0.023990
0.487310     0.024003
0.492386     0.024015
0.497462     0.024028
0.502538     0.023974
0.507614     0.023932
0.512690     0.023890
0.517766     0.023848
0.522843     0.023806
0.527919     0.023764
0.532995     0.023712
0.538071     0.023612
0.543147     0.023521
0.548223     0.023429
0.553299     0.023338
0.558376     0.023246
0.563452     0.023155
0.568528     0.023017
0.573604     0.022875
0.578680     0.022734
0.583756     0.022593
0.588832     0.022451
0.593909     0.022310
0.598985     0.022126
0.604061     0.021941
0.609137     0.021756
0.614213     0.021571
0.619289     0.021386
0.624365     0.021192
0.629442     0.020978
0.634518     0.020769
0.639594     0.020560
0.644670     0.020350
0.649746     0.020141
0.654822     0.019909
0.659898     0.019686
0.664975     0.019463
0.670051     0.019240
0.675127     0.019010
0.680203     0.018765
0.685279     0.018523
0.690355     0.018282
0.695431     0.018040
0.700508     0.017777
0.705584     0.017511
0.710660     0.017245
0.715736     0.016979
0.720812     0.016697
0.725888     0.016406
0.730964     0.016115
0.736041     0.015824
0.741117     0.015519
0.746193     0.015209
0.751269     0.014899
0.756345     0.014589
0.761421     0.014260
0.766497     0.013932
0.771574     0.013605
0.776650     0.013267
0.781726     0.012923
0.786802     0.012579
0.791878     0.012229
0.796954     0.011870
0.802030     0.011511
0.807107     0.011146
0.812183     0.010775
0.817259     0.010403
0.822335     0.010023
0.827411     0.009641
0.832487     0.009259
0.837563     0.008865
0.842640     0.008473
0.847716     0.008075
0.852792     0.007675
0.857868     0.007271
0.862944     0.006865
0.868020     0.006456
0.873096     0.006041
0.878173     0.005626
0.883249     0.005206
0.888325     0.004783
0.893401     0.004358
0.898477     0.003928
0.903553     0.003498
0.908629     0.003060
0.913706     0.002620
0.918782     0.002178
0.923858     0.001733
0.928934     0.001283
0.934010     0.000830
0.939086     0.000375
0.944162     -0.000083
0.949239     -0.000543
0.954315     -0.001005
0.959391     -0.001471
0.964467     -0.001943
0.969543     -0.002419
0.974619     -0.002901
0.979695     -0.003391
0.984772     -0.003890
0.989848     -0.004397
0.994924     -0.004914
