Airfoil_rR0.500000.txt
1.000000     0.000000
0.994924     0.001280
0.989848     0.002559
0.984772     0.003839
0.979695     0.005115
0.974619     0.006387
0.969543     0.007653
0.964467     0.008917
0.959391     0.010167
0.954315     0.011416
0.949239     0.012655
0.944162     0.013886
0.939086     0.015107
0.934010     0.016319
0.928934     0.017520
0.923858     0.018711
0.918782     0.019896
0.913706     0.021071
0.908629     0.022230
0.903553     0.023380
0.898477     0.024529
0.893401     0.025656
0.888325     0.026785
0.883249     0.027890
0.878173     0.028992
0.873096     0.030082
0.868020     0.031161
0.862944     0.032231
0.857868     0.033293
0.852792     0.034336
0.847716     0.035384
0.842640     0.036399
0.837563     0.037422
0.832487     0.038421
0.827411     0.039418
0.822335     0.040415
0.817259     0.041374
0.812183     0.042344
0.807107     0.043303
0.802030     0.044237
0.796954     0.045178
0.791878     0.046106
0.786802     0.047010
0.781726     0.047920
0.776650     0.048828
0.771574     0.049694
0.766497     0.050571
0.761421     0.051449
0.756345     0.052293
0.751269     0.053133
0.746193     0.053974
0.741117     0.054815
0.736041     0.055609
0.730964     0.056410
0.725888     0.057212
0.720812     0.058013
0.715736     0.058765
0.710660     0.059528
0.705584     0.060291
0.700508     0.061054
0.695431     0.061774
0.690355     0.062491
0.685279     0.063208
0.680203     0.063925
0.675127     0.064629
0.670051     0.065289
0.664975     0.065948
0.659898     0.066608
0.654822     0.067267
0.649746     0.067905
0.644670     0.068501
0.639594     0.069092
0.634518     0.069683
0.629442     0.070273
0.624365     0.070855
0.619289     0.071387
0.614213     0.071913
0.609137     0.072439
0.604061     0.072965
0.598985     0.073491
0.593909     0.073986
0.588832     0.074456
0.583756     0.074928
0.578680     0.075400
0.573604     0.075872
0.568528     0.076344
0.563452     0.076785
0.558376     0.077195
0.553299     0.077602
0.548223     0.078008
0.543147     0.078414
0.538071     0.078820
0.532995     0.079223
0.527919     0.079571
0.522843     0.079906
0.517766     0.080240
0.512690     0.080574
0.507614     0.080908
0.502538     0.081242
0.497462     0.081568
0.492386     0.081844
0.487310     0.082103
0.482233     0.082360
0.477157     0.082617
0.472081     0.082874
0.467005     0.083131
0.461929     0.083381
0.456853     0.083579
0.451777     0.083758
0.446701     0.083935
0.441624     0.084112
0.436548     0.084289
0.431472     0.084466
0.426396     0.084615
0.421320     0.084727
0.416244     0.084825
0.411168     0.084923
0.406091     0.085022
0.401015     0.085120
0.395939     0.085201
0.390863     0.085237
0.385787     0.085256
0.380711     0.085275
0.375635     0.085293
0.370558     0.085312
0.365482     0.085302
0.360406     0.085251
0.355330     0.085189
0.350254     0.085127
0.345178     0.085065
0.340102     0.084996
0.335025     0.084874
0.329949     0.084737
0.324873     0.084601
0.319797     0.084464
0.314721     0.084321
0.309645     0.084123
0.304569     0.083902
0.299492     0.083682
0.294416     0.083462
0.289340     0.083220
0.284264     0.082924
0.279188     0.082615
0.274112     0.082305
0.269036     0.081994
0.263959     0.081630
0.258883     0.081263
0.253807     0.080895
0.248731     0.080528
0.243655     0.080116
0.238579     0.079718
0.233503     0.079321
0.228426     0.078914
0.223350     0.078473
0.218274     0.078040
0.213198     0.077608
0.208122     0.077143
0.203046     0.076665
0.197970     0.076186
0.192893     0.075691
0.187817     0.075157
0.182741     0.074622
0.177665     0.074075
0.172589     0.073479
0.167513     0.072878
0.162437     0.072259
0.157360     0.071587
0.152284     0.070912
0.147208     0.070196
0.142132     0.069438
0.137056     0.068671
0.131980     0.067833
0.126904     0.066985
0.121827     0.066072
0.116751     0.065128
0.111675     0.064130
0.106599     0.063083
0.101523     0.061978
0.096447     0.060820
0.091371     0.059584
0.086294     0.058304
0.081218     0.056917
0.076142     0.055472
0.071066     0.053941
0.065990     0.052291
0.060914     0.050546
0.055838     0.048690
0.050761     0.046704
0.045685     0.044564
0.040609     0.042249
0.035533     0.039730
0.030457     0.036974
0.025381     0.033941
0.020305     0.030526
0.015228     0.026620
0.010152     0.021949
0.005076     0.015907
0.005076     -0.005523
0.010152     -0.007938
0.015228     -0.009422
0.020305     -0.010385
0.025381     -0.011017
0.030457     -0.011423
0.035533     -0.011631
0.040609     -0.011697
0.045685     -0.011647
0.050761     -0.011498
0.055838     -0.011264
0.060914     -0.010958
0.065990     -0.010592
0.071066     -0.010174
0.076142     -0.009714
0.081218     -0.009207
0.086294     -0.008662
0.091371     -0.008091
0.096447     -0.007500
0.101523     -0.006876
0.106599     -0.006251
0.111675     -0.005592
0.116751     -0.004930
0.121827     -0.004263
0.126904     -0.003580
0.131980     -0.002907
0.137056     -0.002222
0.142132     -0.001543
0.147208     -0.000872
0.152284     -0.000184
0.157360     0.000476
0.162437     0.001158
0.167513     0.001797
0.172589     0.002443
0.177665     0.003082
0.182741     0.003688
0.187817     0.004317
0.192893     0.004889
0.197970     0.005449
0.203046     0.006034
0.208122     0.006544
0.213198     0.007043
0.218274     0.007559
0.223350     0.008019
0.228426     0.008444
0.233503     0.008868
0.238579     0.009299
0.243655     0.009637
0.248731     0.009975
0.253807     0.010329
0.258883     0.010644
0.263959     0.010917
0.269036     0.011189
0.274112     0.011483
0.279188     0.011752
0.284264     0.011997
0.289340     0.012241
0.294416     0.012498
0.299492     0.012762
0.304569     0.012990
0.309645     0.013217
0.314721     0.013445
0.319797     0.013712
0.324873     0.013910
0.329949     0.014105
0.335025     0.014300
0.340102     0.014496
0.345178     0.014730
0.350254     0.014888
0.355330     0.015046
0.360406     0.015204
0.365482     0.015362
0.370558     0.015562
0.375635     0.015691
0.380711     0.015813
0.385787     0.015935
0.390863     0.016057
0.395939     0.016195
0.401015     0.016336
0.406091     0.016417
0.411168     0.016498
0.416244     0.016579
0.421320     0.016660
0.426396     0.016761
0.431472     0.016857
0.436548     0.016894
0.441624     0.016931
0.446701     0.016969
0.451777     0.017006
0.456853     0.017047
0.461929     0.017132
0.467005     0.017128
0.472081     0.017119
0.477157     0.017111
0.482233     0.017103
0.487310     0.017095
0.492386     0.017100
0.497462     0.017130
0.502538     0.017074
0.507614     0.017018
0.512690     0.016963
0.517766     0.016907
0.522843     0.016851
0.527919     0.016815
0.532995     0.016785
0.538071     0.016687
0.543147     0.016589
0.548223     0.016491
0.553299     0.016393
0.558376     0.016295
0.563452     0.016239
0.568528     0.016114
0.573604     0.015973
0.578680     0.015833
0.583756     0.015692
0.588832     0.015552
0.593909     0.015449
0.598985     0.015284
0.604061     0.015106
0.609137     0.014929
0.614213     0.014752
0.619289     0.014585
0.624365     0.014433
0.629442     0.014237
0.634518     0.014042
0.639594     0.013847
0.644670     0.013651
0.649746     0.013492
0.654822     0.013289
0.659898     0.013086
0.664975     0.012883
0.670051     0.012682
0.675127     0.012507
0.680203     0.012291
0.685279     0.012075
0.690355     0.011860
0.695431     0.011663
0.700508     0.011445
0.705584     0.011211
0.710660     0.010976
0.715736     0.010750
0.720812     0.010526
0.725888     0.010272
0.730964     0.010018
0.736041     0.009773
0.741117     0.009529
0.746193     0.009262
0.751269     0.008995
0.756345     0.008746
0.761421     0.008473
0.766497     0.008194
0.771574     0.007917
0.776650     0.007652
0.781726     0.007361
0.786802     0.007071
0.791878     0.006797
0.796954     0.006497
0.802030     0.006197
0.807107     0.005912
0.812183     0.005603
0.817259     0.005294
0.822335     0.004998
0.827411     0.004683
0.832487     0.004379
0.837563     0.004062
0.842640     0.003741
0.847716     0.003432
0.852792     0.003106
0.857868     0.002793
0.862944     0.002464
0.868020     0.002146
0.873096     0.001815
0.878173     0.001493
0.883249     0.001159
0.888325     0.000833
0.893401     0.000495
0.898477     0.000165
0.903553     -0.000168
0.908629     -0.000511
0.913706     -0.000848
0.918782     -0.001188
0.923858     -0.001535
0.928934     -0.001882
0.934010     -0.002228
0.939086     -0.002577
0.944162     -0.002926
0.949239     -0.003278
0.954315     -0.003631
0.959391     -0.003986
0.964467     -0.004344
0.969543     -0.004709
0.974619     -0.005079
0.979695     -0.005456
0.984772     -0.005842
0.989848     -0.006236
0.994924     -0.006641
