Airfoil_rR0.975000.txt
1.000000     0.000000
0.994924     0.001523
0.989848     0.003044
0.984772     0.004564
0.979695     0.006086
0.974619     0.007606
0.969543     0.009130
0.964467     0.010650
0.959391     0.012174
0.954315     0.013694
0.949239     0.015211
0.944162     0.016733
0.939086     0.018253
0.934010     0.019776
0.928934     0.021303
0.923858     0.022822
0.918782     0.024340
0.913706     0.025857
0.908629     0.027387
0.903553     0.028904
0.898477     0.030419
0.893401     0.031949
0.888325     0.033464
0.883249     0.034992
0.878173     0.036507
0.873096     0.038030
0.868020     0.039549
0.862944     0.041073
0.857868     0.042589
0.852792     0.044119
0.847716     0.045628
0.842640     0.047158
0.837563     0.048665
0.832487     0.050195
0.827411     0.051717
0.822335     0.053230
0.817259     0.054761
0.812183     0.056268
0.807107     0.057795
0.802030     0.059325
0.796954     0.060828
0.791878     0.062358
0.786802     0.063889
0.781726     0.065394
0.776650     0.066921
0.771574     0.068451
0.766497     0.069970
0.761421     0.071481
0.756345     0.073012
0.751269     0.074543
0.746193     0.076039
0.741117     0.077570
0.736041     0.079101
0.730964     0.080632
0.725888     0.082125
0.720812     0.083656
0.715736     0.085187
0.710660     0.086717
0.705584     0.088208
0.700508     0.089738
0.695431     0.091269
0.690355     0.092799
0.685279     0.094303
0.680203     0.095818
0.675127     0.097349
0.670051     0.098879
0.664975     0.100410
0.659898     0.101898
0.654822     0.103426
0.649746     0.104956
0.644670     0.106487
0.639594     0.108018
0.634518     0.109505
0.629442     0.111029
0.624365     0.112559
0.619289     0.114088
0.614213     0.115618
0.609137     0.117121
0.604061     0.118625
0.598985     0.120155
0.593909     0.121685
0.588832     0.123215
0.583756     0.124745
0.578680     0.126236
0.573604     0.127751
0.568528     0.129283
0.563452     0.130816
0.558376     0.132348
0.553299     0.133881
0.548223     0.135379
0.543147     0.136861
0.538071     0.138342
0.532995     0.139823
0.527919     0.141303
0.522843     0.142784
0.517766     0.144260
0.512690     0.145692
0.507614     0.147087
0.502538     0.148469
0.497462     0.149850
0.492386     0.151231
0.487310     0.152613
0.482233     0.153994
0.477157     0.155331
0.472081     0.156632
0.467005     0.157901
0.461929     0.159171
0.456853     0.160440
0.451777     0.161709
0.446701     0.162979
0.441624     0.164217
0.436548     0.165419
0.431472     0.166556
0.426396     0.167692
0.421320     0.168829
0.416244     0.169966
0.411168     0.171102
0.406091     0.172206
0.401015     0.173254
0.395939     0.174246
0.390863     0.175237
0.385787     0.176229
0.380711     0.177220
0.375635     0.178199
0.370558     0.179146
0.365482     0.179982
0.360406     0.180818
0.355330     0.181654
0.350254     0.182490
0.345178     0.183317
0.340102     0.184110
0.335025     0.184779
0.329949     0.185448
0.324873     0.186117
0.319797     0.186786
0.314721     0.187439
0.309645     0.188010
0.304569     0.188504
0.299492     0.188997
0.294416     0.189490
0.289340     0.189978
0.284264     0.190414
0.279188     0.190724
0.274112     0.191034
0.269036     0.191343
0.263959     0.191648
0.258883     0.191914
0.253807     0.192117
0.248731     0.192321
0.243655     0.192524
0.238579     0.192714
0.233503     0.192873
0.228426     0.193023
0.223350     0.193172
0.218274     0.193316
0.213198     0.193410
0.208122     0.193458
0.203046     0.193505
0.197970     0.193549
0.192893     0.193526
0.187817     0.193422
0.182741     0.193319
0.177665     0.193214
0.172589     0.192980
0.167513     0.192692
0.162437     0.192403
0.157360     0.192068
0.152284     0.191548
0.147208     0.191029
0.142132     0.190521
0.137056     0.189731
0.131980     0.188938
0.126904     0.188164
0.121827     0.187062
0.116751     0.185959
0.111675     0.184801
0.106599     0.183351
0.101523     0.181913
0.096447     0.180214
0.091371     0.178379
0.086294     0.176421
0.081218     0.174164
0.076142     0.171823
0.071066     0.169113
0.065990     0.166258
0.060914     0.163063
0.055838     0.159545
0.050761     0.155769
0.045685     0.151508
0.040609     0.146756
0.035533     0.141513
0.030457     0.135639
0.025381     0.129034
0.020305     0.121307
0.015228     0.112284
0.010152     0.101222
0.005076     0.086337
0.005076     0.023630
0.010152     0.012067
0.015228     0.003356
0.020305     -0.003886
0.025381     -0.010077
0.030457     -0.015574
0.035533     -0.020524
0.040609     -0.025034
0.045685     -0.029192
0.050761     -0.033006
0.055838     -0.036519
0.060914     -0.039855
0.065990     -0.042951
0.071066     -0.045844
0.076142     -0.048624
0.081218     -0.051164
0.086294     -0.053648
0.091371     -0.055911
0.096447     -0.058121
0.101523     -0.060175
0.106599     -0.062127
0.111675     -0.064025
0.116751     -0.065743
0.121827     -0.067456
0.126904     -0.069035
0.131980     -0.070522
0.137056     -0.072003
0.142132     -0.073337
0.147208     -0.074612
0.152284     -0.075885
0.157360     -0.077027
0.162437     -0.078103
0.167513     -0.079179
0.172589     -0.080188
0.177665     -0.081076
0.182741     -0.081964
0.187817     -0.082838
0.192893     -0.083606
0.197970     -0.084317
0.203046     -0.085028
0.208122     -0.085716
0.213198     -0.086301
0.218274     -0.086844
0.223350     -0.087386
0.228426     -0.087915
0.233503     -0.088359
0.238579     -0.088744
0.243655     -0.089128
0.248731     -0.089513
0.253807     -0.089861
0.258883     -0.090101
0.263959     -0.090338
0.269036     -0.090576
0.274112     -0.090808
0.279188     -0.090994
0.284264     -0.091091
0.289340     -0.091187
0.294416     -0.091284
0.299492     -0.091379
0.304569     -0.091448
0.309645     -0.091415
0.314721     -0.091381
0.319797     -0.091347
0.324873     -0.091313
0.329949     -0.091267
0.335025     -0.091164
0.340102     -0.091010
0.345178     -0.090856
0.350254     -0.090701
0.355330     -0.090547
0.360406     -0.090382
0.365482     -0.090158
0.370558     -0.089892
0.375635     -0.089626
0.380711     -0.089360
0.385787     -0.089094
0.390863     -0.088823
0.395939     -0.088528
0.401015     -0.088160
0.406091     -0.087793
0.411168     -0.087426
0.416244     -0.087059
0.421320     -0.086692
0.426396     -0.086321
0.431472     -0.085912
0.436548     -0.085455
0.441624     -0.084998
0.446701     -0.084541
0.451777     -0.084084
0.456853     -0.083627
0.461929     -0.083169
0.467005     -0.082699
0.472081     -0.082166
0.477157     -0.081632
0.482233     -0.081099
0.487310     -0.080566
0.492386     -0.080033
0.497462     -0.079501
0.502538     -0.078970
0.507614     -0.078386
0.512690     -0.077796
0.517766     -0.077205
0.522843     -0.076615
0.527919     -0.076025
0.532995     -0.075438
0.538071     -0.074847
0.543147     -0.074213
0.548223     -0.073579
0.553299     -0.072945
0.558376     -0.072312
0.563452     -0.071679
0.568528     -0.071054
0.573604     -0.070400
0.578680     -0.069741
0.583756     -0.069082
0.588832     -0.068424
0.593909     -0.067766
0.598985     -0.067118
0.604061     -0.066443
0.609137     -0.065767
0.614213     -0.065092
0.619289     -0.064416
0.624365     -0.063747
0.629442     -0.063061
0.634518     -0.062352
0.639594     -0.061643
0.644670     -0.060933
0.649746     -0.060229
0.654822     -0.059519
0.659898     -0.058787
0.664975     -0.058055
0.670051     -0.057323
0.675127     -0.056599
0.680203     -0.055871
0.685279     -0.055137
0.690355     -0.054402
0.695431     -0.053669
0.700508     -0.052949
0.705584     -0.052227
0.710660     -0.051504
0.715736     -0.050781
0.720812     -0.050071
0.725888     -0.049362
0.730964     -0.048652
0.736041     -0.047943
0.741117     -0.047247
0.746193     -0.046554
0.751269     -0.045861
0.756345     -0.045172
0.761421     -0.044497
0.766497     -0.043824
0.771574     -0.043151
0.776650     -0.042492
0.781726     -0.041843
0.786802     -0.041193
0.791878     -0.040553
0.796954     -0.039929
0.802030     -0.039304
0.807107     -0.038690
0.812183     -0.038092
0.817259     -0.037494
0.822335     -0.036912
0.827411     -0.036341
0.832487     -0.035775
0.837563     -0.035228
0.842640     -0.034685
0.847716     -0.034160
0.852792     -0.033645
0.857868     -0.033141
0.862944     -0.032654
0.868020     -0.032176
0.873096     -0.031718
0.878173     -0.031269
0.883249     -0.030842
0.888325     -0.030429
0.893401     -0.030032
0.898477     -0.029660
0.903553     -0.029299
0.908629     -0.028966
0.913706     -0.028654
0.918782     -0.028363
0.923858     -0.028097
0.928934     -0.027857
0.934010     -0.027639
0.939086     -0.027444
0.944162     -0.027273
0.949239     -0.027129
0.954315     -0.027016
0.959391     -0.026938
0.964467     -0.026905
0.969543     -0.026914
0.974619     -0.026980
0.979695     -0.027100
0.984772     -0.027283
0.989848     -0.027531
0.994924     -0.027848
