Airfoil_rR0.425000.txt
1.000000     0.000000
0.994924     0.001284
0.989848     0.002565
0.984772     0.003844
0.979695     0.005114
0.974619     0.006380
0.969543     0.007639
0.964467     0.008887
0.959391     0.010129
0.954315     0.011364
0.949239     0.012586
0.944162     0.013798
0.939086     0.015000
0.934010     0.016193
0.928934     0.017372
0.923858     0.018537
0.918782     0.019692
0.913706     0.020843
0.908629     0.021981
0.903553     0.023098
0.898477     0.024215
0.893401     0.025317
0.888325     0.026402
0.883249     0.027490
0.878173     0.028547
0.873096     0.029615
0.868020     0.030648
0.862944     0.031694
0.857868     0.032703
0.852792     0.033723
0.847716     0.034713
0.842640     0.035703
0.837563     0.036680
0.832487     0.037638
0.827411     0.038603
0.822335     0.039532
0.817259     0.040464
0.812183     0.041390
0.807107     0.042287
0.802030     0.043190
0.796954     0.044079
0.791878     0.044945
0.786802     0.045815
0.781726     0.046675
0.776650     0.047508
0.771574     0.048342
0.766497     0.049177
0.761421     0.049977
0.756345     0.050774
0.751269     0.051569
0.746193     0.052351
0.741117     0.053109
0.736041     0.053865
0.730964     0.054619
0.725888     0.055353
0.720812     0.056069
0.715736     0.056783
0.710660     0.057495
0.705584     0.058193
0.700508     0.058867
0.695431     0.059540
0.690355     0.060204
0.685279     0.060869
0.680203     0.061497
0.675127     0.062124
0.670051     0.062736
0.664975     0.063342
0.659898     0.063938
0.654822     0.064505
0.649746     0.065073
0.644670     0.065614
0.639594     0.066149
0.634518     0.066677
0.629442     0.067174
0.624365     0.067670
0.619289     0.068151
0.614213     0.068617
0.609137     0.069083
0.604061     0.069523
0.598985     0.069951
0.593909     0.070379
0.588832     0.070790
0.583756     0.071200
0.578680     0.071609
0.573604     0.071987
0.568528     0.072359
0.563452     0.072730
0.558376     0.073079
0.553299     0.073422
0.548223     0.073766
0.543147     0.074089
0.538071     0.074394
0.532995     0.074700
0.527919     0.074995
0.522843     0.075265
0.517766     0.075535
0.512690     0.075805
0.507614     0.076046
0.502538     0.076278
0.497462     0.076511
0.492386     0.076732
0.487310     0.076925
0.482233     0.077119
0.477157     0.077312
0.472081     0.077476
0.467005     0.077632
0.461929     0.077789
0.456853     0.077932
0.451777     0.078048
0.446701     0.078163
0.441624     0.078277
0.436548     0.078355
0.431472     0.078434
0.426396     0.078513
0.421320     0.078560
0.416244     0.078600
0.411168     0.078639
0.406091     0.078652
0.401015     0.078655
0.395939     0.078658
0.390863     0.078634
0.385787     0.078597
0.380711     0.078561
0.375635     0.078494
0.370558     0.078423
0.365482     0.078350
0.360406     0.078238
0.355330     0.078126
0.350254     0.078002
0.345178     0.077855
0.340102     0.077709
0.335025     0.077536
0.329949     0.077354
0.324873     0.077164
0.319797     0.076948
0.314721     0.076733
0.309645     0.076484
0.304569     0.076228
0.299492     0.075955
0.294416     0.075666
0.289340     0.075368
0.284264     0.075028
0.279188     0.074688
0.274112     0.074318
0.269036     0.073947
0.263959     0.073554
0.258883     0.073159
0.253807     0.072735
0.248731     0.072309
0.243655     0.071884
0.238579     0.071458
0.233503     0.071003
0.228426     0.070548
0.223350     0.070095
0.218274     0.069629
0.213198     0.069146
0.208122     0.068658
0.203046     0.068165
0.197970     0.067645
0.192893     0.067117
0.187817     0.066580
0.182741     0.066017
0.177665     0.065440
0.172589     0.064848
0.167513     0.064230
0.162437     0.063592
0.157360     0.062932
0.152284     0.062256
0.147208     0.061537
0.142132     0.060800
0.137056     0.060030
0.131980     0.059228
0.126904     0.058398
0.121827     0.057521
0.116751     0.056619
0.111675     0.055658
0.106599     0.054671
0.101523     0.053620
0.096447     0.052532
0.091371     0.051385
0.086294     0.050174
0.081218     0.048920
0.076142     0.047571
0.071066     0.046155
0.065990     0.044668
0.060914     0.043094
0.055838     0.041401
0.050761     0.039602
0.045685     0.037681
0.040609     0.035620
0.035533     0.033399
0.030457     0.030962
0.025381     0.028286
0.020305     0.025312
0.015228     0.021924
0.010152     0.017893
0.005076     0.012727
0.005076     -0.005839
0.010152     -0.007941
0.015228     -0.009175
0.020305     -0.009934
0.025381     -0.010384
0.030457     -0.010613
0.035533     -0.010674
0.040609     -0.010594
0.045685     -0.010404
0.050761     -0.010121
0.055838     -0.009760
0.060914     -0.009334
0.065990     -0.008851
0.071066     -0.008321
0.076142     -0.007748
0.081218     -0.007142
0.086294     -0.006497
0.091371     -0.005827
0.096447     -0.005141
0.101523     -0.004426
0.106599     -0.003702
0.111675     -0.002968
0.116751     -0.002216
0.121827     -0.001472
0.126904     -0.000704
0.131980     0.000043
0.137056     0.000814
0.142132     0.001562
0.147208     0.002322
0.152284     0.003070
0.157360     0.003805
0.162437     0.004557
0.167513     0.005256
0.172589     0.005983
0.177665     0.006677
0.182741     0.007345
0.187817     0.008039
0.192893     0.008669
0.197970     0.009290
0.203046     0.009933
0.208122     0.010497
0.213198     0.011050
0.218274     0.011628
0.223350     0.012135
0.228426     0.012602
0.233503     0.013098
0.238579     0.013570
0.243655     0.013947
0.248731     0.014337
0.253807     0.014746
0.258883     0.015100
0.263959     0.015410
0.269036     0.015740
0.274112     0.016083
0.279188     0.016387
0.284264     0.016667
0.289340     0.016963
0.294416     0.017276
0.299492     0.017566
0.304569     0.017824
0.309645     0.018087
0.314721     0.018377
0.319797     0.018667
0.324873     0.018896
0.329949     0.019118
0.335025     0.019354
0.340102     0.019607
0.345178     0.019857
0.350254     0.020037
0.355330     0.020217
0.360406     0.020411
0.365482     0.020623
0.370558     0.020834
0.375635     0.020986
0.380711     0.021125
0.385787     0.021267
0.390863     0.021438
0.395939     0.021608
0.401015     0.021758
0.406091     0.021852
0.411168     0.021946
0.416244     0.022049
0.421320     0.022173
0.426396     0.022297
0.431472     0.022398
0.436548     0.022444
0.441624     0.022489
0.446701     0.022537
0.451777     0.022613
0.456853     0.022688
0.461929     0.022763
0.467005     0.022767
0.472081     0.022761
0.477157     0.022756
0.482233     0.022764
0.487310     0.022788
0.492386     0.022812
0.497462     0.022834
0.502538     0.022775
0.507614     0.022715
0.512690     0.022656
0.517766     0.022614
0.522843     0.022583
0.527919     0.022553
0.532995     0.022511
0.538071     0.022404
0.543147     0.022296
0.548223     0.022189
0.553299     0.022109
0.558376     0.022030
0.563452     0.021951
0.568528     0.021815
0.573604     0.021660
0.578680     0.021504
0.583756     0.021370
0.588832     0.021242
0.593909     0.021114
0.598985     0.020931
0.604061     0.020733
0.609137     0.020535
0.614213     0.020364
0.619289     0.020192
0.624365     0.020011
0.629442     0.019790
0.634518     0.019568
0.639594     0.019363
0.644670     0.019168
0.649746     0.018973
0.654822     0.018739
0.659898     0.018505
0.664975     0.018286
0.670051     0.018077
0.675127     0.017862
0.680203     0.017611
0.685279     0.017360
0.690355     0.017132
0.695431     0.016906
0.700508     0.016650
0.705584     0.016375
0.710660     0.016114
0.715736     0.015865
0.720812     0.015595
0.725888     0.015297
0.730964     0.015010
0.736041     0.014736
0.741117     0.014442
0.746193     0.014126
0.751269     0.013825
0.756345     0.013533
0.761421     0.013208
0.766497     0.012878
0.771574     0.012570
0.776650     0.012246
0.781726     0.011898
0.786802     0.011569
0.791878     0.011238
0.796954     0.010877
0.802030     0.010532
0.807107     0.010185
0.812183     0.009813
0.817259     0.009458
0.822335     0.009093
0.827411     0.008714
0.832487     0.008353
0.837563     0.007966
0.842640     0.007588
0.847716     0.007206
0.852792     0.006813
0.857868     0.006431
0.862944     0.006029
0.868020     0.005642
0.873096     0.005234
0.878173     0.004841
0.883249     0.004429
0.888325     0.004027
0.893401     0.003615
0.898477     0.003200
0.903553     0.002790
0.908629     0.002365
0.913706     0.001942
0.918782     0.001521
0.923858     0.001091
0.928934     0.000657
0.934010     0.000222
0.939086     -0.000215
0.944162     -0.000653
0.949239     -0.001095
0.954315     -0.001538
0.959391     -0.001983
0.964467     -0.002435
0.969543     -0.002893
0.974619     -0.003356
0.979695     -0.003826
0.984772     -0.004306
0.989848     -0.004793
0.994924     -0.005291
