Airfoil_rR0.450000.txt
1.000000     0.000000
0.994924     0.001288
0.989848     0.002573
0.984772     0.003857
0.979695     0.005135
0.974619     0.006408
0.969543     0.007671
0.964467     0.008930
0.959391     0.010178
0.954315     0.011421
0.949239     0.012653
0.944162     0.013876
0.939086     0.015088
0.934010     0.016289
0.928934     0.017479
0.923858     0.018658
0.918782     0.019827
0.913706     0.020992
0.908629     0.022135
0.903553     0.023269
0.898477     0.024402
0.893401     0.025511
0.888325     0.026618
0.883249     0.027709
0.878173     0.028788
0.873096     0.029862
0.868020     0.030918
0.862944     0.031969
0.857868     0.033004
0.852792     0.034029
0.847716     0.035049
0.842640     0.036044
0.837563     0.037044
0.832487     0.038014
0.827411     0.038986
0.822335     0.039949
0.817259     0.040887
0.812183     0.041829
0.807107     0.042752
0.802030     0.043661
0.796954     0.044573
0.791878     0.045462
0.786802     0.046340
0.781726     0.047219
0.776650     0.048082
0.771574     0.048924
0.766497     0.049768
0.761421     0.050612
0.756345     0.051416
0.751269     0.052221
0.746193     0.053027
0.741117     0.053818
0.736041     0.054582
0.730964     0.055347
0.725888     0.056111
0.720812     0.056857
0.715736     0.057580
0.710660     0.058304
0.705584     0.059027
0.700508     0.059741
0.695431     0.060422
0.690355     0.061098
0.685279     0.061774
0.680203     0.062450
0.675127     0.063096
0.670051     0.063719
0.664975     0.064336
0.659898     0.064953
0.654822     0.065569
0.649746     0.066149
0.644670     0.066704
0.639594     0.067250
0.634518     0.067796
0.629442     0.068342
0.624365     0.068859
0.619289     0.069352
0.614213     0.069831
0.609137     0.070310
0.604061     0.070788
0.598985     0.071262
0.593909     0.071698
0.588832     0.072123
0.583756     0.072546
0.578680     0.072968
0.573604     0.073391
0.568528     0.073807
0.563452     0.074186
0.558376     0.074550
0.553299     0.074906
0.548223     0.075262
0.543147     0.075618
0.538071     0.075974
0.532995     0.076299
0.527919     0.076607
0.522843     0.076891
0.517766     0.077174
0.512690     0.077457
0.507614     0.077741
0.502538     0.078024
0.497462     0.078271
0.492386     0.078505
0.487310     0.078711
0.482233     0.078917
0.477157     0.079123
0.472081     0.079329
0.467005     0.079535
0.461929     0.079705
0.456853     0.079862
0.451777     0.079989
0.446701     0.080116
0.441624     0.080243
0.436548     0.080370
0.431472     0.080488
0.426396     0.080573
0.421320     0.080636
0.416244     0.080686
0.411168     0.080736
0.406091     0.080786
0.401015     0.080835
0.395939     0.080844
0.390863     0.080833
0.385787     0.080806
0.380711     0.080778
0.375635     0.080751
0.370558     0.080715
0.365482     0.080647
0.360406     0.080548
0.355330     0.080443
0.350254     0.080338
0.345178     0.080234
0.340102     0.080096
0.335025     0.079934
0.329949     0.079758
0.324873     0.079582
0.319797     0.079406
0.314721     0.079199
0.309645     0.078961
0.304569     0.078707
0.299492     0.078453
0.294416     0.078196
0.289340     0.077905
0.284264     0.077566
0.279188     0.077228
0.274112     0.076889
0.269036     0.076524
0.263959     0.076135
0.258883     0.075739
0.253807     0.075344
0.248731     0.074924
0.243655     0.074497
0.238579     0.074072
0.233503     0.073647
0.228426     0.073191
0.223350     0.072736
0.218274     0.072281
0.213198     0.071815
0.208122     0.071322
0.203046     0.070827
0.197970     0.070332
0.192893     0.069799
0.187817     0.069254
0.182741     0.068709
0.177665     0.068129
0.172589     0.067526
0.167513     0.066921
0.162437     0.066275
0.157360     0.065607
0.152284     0.064929
0.147208     0.064201
0.142132     0.063461
0.137056     0.062683
0.131980     0.061865
0.126904     0.061033
0.121827     0.060130
0.116751     0.059218
0.111675     0.058231
0.106599     0.057230
0.101523     0.056147
0.096447     0.055041
0.091371     0.053852
0.086294     0.052615
0.081218     0.051317
0.076142     0.049926
0.071066     0.048471
0.065990     0.046940
0.060914     0.045283
0.055838     0.043528
0.050761     0.041660
0.045685     0.039661
0.040609     0.037511
0.035533     0.035187
0.030457     0.032664
0.025381     0.029853
0.020305     0.026742
0.015228     0.023163
0.010152     0.018923
0.005076     0.013446
0.005076     -0.006103
0.010152     -0.008318
0.015228     -0.009637
0.020305     -0.010462
0.025381     -0.010972
0.030457     -0.011254
0.035533     -0.011359
0.040609     -0.011317
0.045685     -0.011166
0.050761     -0.010920
0.055838     -0.010593
0.060914     -0.010198
0.065990     -0.009746
0.071066     -0.009246
0.076142     -0.008702
0.081218     -0.008115
0.086294     -0.007493
0.091371     -0.006848
0.096447     -0.006179
0.101523     -0.005484
0.106599     -0.004784
0.111675     -0.004059
0.116751     -0.003331
0.121827     -0.002596
0.126904     -0.001852
0.131980     -0.001113
0.137056     -0.000366
0.142132     0.000374
0.147208     0.001109
0.152284     0.001852
0.157360     0.002570
0.162437     0.003308
0.167513     0.004002
0.172589     0.004704
0.177665     0.005394
0.182741     0.006051
0.187817     0.006728
0.192893     0.007351
0.197970     0.007959
0.203046     0.008588
0.208122     0.009145
0.213198     0.009688
0.218274     0.010248
0.223350     0.010750
0.228426     0.011213
0.233503     0.011681
0.238579     0.012149
0.243655     0.012523
0.248731     0.012898
0.253807     0.013290
0.258883     0.013640
0.263959     0.013947
0.269036     0.014254
0.274112     0.014584
0.279188     0.014885
0.284264     0.015162
0.289340     0.015439
0.294416     0.015734
0.299492     0.016023
0.304569     0.016280
0.309645     0.016536
0.314721     0.016793
0.319797     0.017086
0.324873     0.017313
0.329949     0.017534
0.335025     0.017754
0.340102     0.017984
0.345178     0.018235
0.350254     0.018416
0.355330     0.018596
0.360406     0.018777
0.365482     0.018962
0.370558     0.019178
0.375635     0.019329
0.380711     0.019470
0.385787     0.019612
0.390863     0.019753
0.395939     0.019917
0.401015     0.020070
0.406091     0.020167
0.411168     0.020263
0.416244     0.020360
0.421320     0.020457
0.426396     0.020580
0.431472     0.020685
0.436548     0.020734
0.441624     0.020783
0.446701     0.020833
0.451777     0.020882
0.456853     0.020947
0.461929     0.021030
0.467005     0.021037
0.472081     0.021036
0.477157     0.021036
0.482233     0.021035
0.487310     0.021035
0.492386     0.021058
0.497462     0.021086
0.502538     0.021033
0.507614     0.020981
0.512690     0.020928
0.517766     0.020875
0.522843     0.020823
0.527919     0.020797
0.532995     0.020762
0.538071     0.020663
0.543147     0.020564
0.548223     0.020465
0.553299     0.020366
0.558376     0.020277
0.563452     0.020210
0.568528     0.020081
0.573604     0.019935
0.578680     0.019790
0.583756     0.019644
0.588832     0.019506
0.593909     0.019391
0.598985     0.019218
0.604061     0.019031
0.609137     0.018844
0.614213     0.018657
0.619289     0.018488
0.624365     0.018319
0.629442     0.018110
0.634518     0.017901
0.639594     0.017692
0.644670     0.017492
0.649746     0.017311
0.654822     0.017090
0.659898     0.016870
0.664975     0.016649
0.670051     0.016439
0.675127     0.016239
0.680203     0.016003
0.685279     0.015767
0.690355     0.015530
0.695431     0.015315
0.700508     0.015074
0.705584     0.014816
0.710660     0.014557
0.715736     0.014312
0.720812     0.014059
0.725888     0.013778
0.730964     0.013497
0.736041     0.013228
0.741117     0.012952
0.746193     0.012654
0.751269     0.012356
0.756345     0.012077
0.761421     0.011771
0.766497     0.011459
0.771574     0.011152
0.776650     0.010848
0.781726     0.010522
0.786802     0.010195
0.791878     0.009885
0.796954     0.009545
0.802030     0.009206
0.807107     0.008882
0.812183     0.008532
0.817259     0.008185
0.822335     0.007844
0.827411     0.007485
0.832487     0.007137
0.837563     0.006775
0.842640     0.006409
0.847716     0.006052
0.852792     0.005679
0.857868     0.005317
0.862944     0.004938
0.868020     0.004570
0.873096     0.004187
0.878173     0.003813
0.883249     0.003425
0.888325     0.003045
0.893401     0.002653
0.898477     0.002267
0.903553     0.001878
0.908629     0.001477
0.913706     0.001082
0.918782     0.000684
0.923858     0.000279
0.928934     -0.000128
0.934010     -0.000535
0.939086     -0.000945
0.944162     -0.001357
0.949239     -0.001771
0.954315     -0.002189
0.959391     -0.002607
0.964467     -0.003031
0.969543     -0.003462
0.974619     -0.003897
0.979695     -0.004339
0.984772     -0.004791
0.989848     -0.005250
0.994924     -0.005720
