Airfoil_rR0.750000.txt
1.000000     0.000000
0.994924     0.001077
0.989848     0.002157
0.984772     0.003239
0.979695     0.004319
0.974619     0.005400
0.969543     0.006480
0.964467     0.007558
0.959391     0.008635
0.954315     0.009720
0.949239     0.010799
0.944162     0.011878
0.939086     0.012959
0.934010     0.014041
0.928934     0.015119
0.923858     0.016196
0.918782     0.017281
0.913706     0.018366
0.908629     0.019449
0.903553     0.020526
0.898477     0.021613
0.893401     0.022688
0.888325     0.023770
0.883249     0.024854
0.878173     0.025920
0.873096     0.026999
0.868020     0.028055
0.862944     0.029127
0.857868     0.030174
0.852792     0.031234
0.847716     0.032276
0.842640     0.033313
0.837563     0.034362
0.832487     0.035388
0.827411     0.036433
0.822335     0.037447
0.817259     0.038461
0.812183     0.039491
0.807107     0.040493
0.802030     0.041498
0.796954     0.042512
0.791878     0.043500
0.786802     0.044489
0.781726     0.045492
0.776650     0.046465
0.771574     0.047438
0.766497     0.048431
0.761421     0.049386
0.756345     0.050342
0.751269     0.051307
0.746193     0.052262
0.741117     0.053196
0.736041     0.054131
0.730964     0.055082
0.725888     0.056003
0.720812     0.056913
0.715736     0.057824
0.710660     0.058752
0.705584     0.059653
0.700508     0.060541
0.695431     0.061428
0.690355     0.062321
0.685279     0.063212
0.680203     0.064069
0.675127     0.064925
0.670051     0.065781
0.664975     0.066644
0.659898     0.067474
0.654822     0.068286
0.649746     0.069098
0.644670     0.069910
0.639594     0.070723
0.634518     0.071500
0.629442     0.072258
0.624365     0.073015
0.619289     0.073773
0.614213     0.074533
0.609137     0.075286
0.604061     0.075996
0.598985     0.076707
0.593909     0.077417
0.588832     0.078127
0.583756     0.078846
0.578680     0.079547
0.573604     0.080216
0.568528     0.080885
0.563452     0.081553
0.558376     0.082222
0.553299     0.082892
0.548223     0.083551
0.543147     0.084164
0.538071     0.084778
0.532995     0.085392
0.527919     0.086006
0.522843     0.086620
0.517766     0.087229
0.512690     0.087806
0.507614     0.088356
0.502538     0.088907
0.497462     0.089457
0.492386     0.090008
0.487310     0.090558
0.482233     0.091098
0.477157     0.091608
0.472081     0.092086
0.467005     0.092564
0.461929     0.093043
0.456853     0.093521
0.451777     0.093999
0.446701     0.094464
0.441624     0.094896
0.436548     0.095296
0.431472     0.095696
0.426396     0.096096
0.421320     0.096496
0.416244     0.096895
0.411168     0.097271
0.406091     0.097593
0.401015     0.097911
0.395939     0.098228
0.390863     0.098546
0.385787     0.098863
0.380711     0.099156
0.375635     0.099398
0.370558     0.099628
0.365482     0.099858
0.360406     0.100088
0.355330     0.100316
0.350254     0.100508
0.345178     0.100649
0.340102     0.100789
0.335025     0.100929
0.329949     0.101069
0.324873     0.101188
0.319797     0.101252
0.314721     0.101302
0.309645     0.101352
0.304569     0.101403
0.299492     0.101422
0.294416     0.101378
0.289340     0.101322
0.284264     0.101267
0.279188     0.101211
0.274112     0.101106
0.269036     0.100951
0.263959     0.100796
0.258883     0.100641
0.253807     0.100481
0.248731     0.100270
0.243655     0.100049
0.238579     0.099829
0.233503     0.099609
0.228426     0.099346
0.223350     0.099071
0.218274     0.098795
0.213198     0.098509
0.208122     0.098164
0.203046     0.097819
0.197970     0.097471
0.192893     0.097068
0.187817     0.096640
0.182741     0.096212
0.177665     0.095735
0.172589     0.095211
0.167513     0.094686
0.162437     0.094108
0.157360     0.093474
0.152284     0.092839
0.147208     0.092125
0.142132     0.091369
0.137056     0.090597
0.131980     0.089722
0.126904     0.088834
0.121827     0.087865
0.116751     0.086834
0.111675     0.085759
0.106599     0.084575
0.101523     0.083358
0.096447     0.082012
0.091371     0.080622
0.086294     0.079096
0.081218     0.077492
0.076142     0.075776
0.071066     0.073912
0.065990     0.071954
0.060914     0.069823
0.055838     0.067514
0.050761     0.065037
0.045685     0.062358
0.040609     0.059436
0.035533     0.056226
0.030457     0.052675
0.025381     0.048716
0.020305     0.044242
0.015228     0.039053
0.010152     0.032740
0.005076     0.024385
0.005076     -0.004067
0.010152     -0.007428
0.015228     -0.009809
0.020305     -0.011701
0.025381     -0.013265
0.030457     -0.014591
0.035533     -0.015745
0.040609     -0.016767
0.045685     -0.017680
0.050761     -0.018491
0.055838     -0.019214
0.060914     -0.019863
0.065990     -0.020453
0.071066     -0.020990
0.076142     -0.021484
0.081218     -0.021922
0.086294     -0.022318
0.091371     -0.022691
0.096447     -0.023015
0.101523     -0.023315
0.106599     -0.023598
0.111675     -0.023827
0.116751     -0.024061
0.121827     -0.024240
0.126904     -0.024430
0.131980     -0.024568
0.137056     -0.024719
0.142132     -0.024822
0.147208     -0.024924
0.152284     -0.025013
0.157360     -0.025076
0.162437     -0.025150
0.167513     -0.025178
0.172589     -0.025209
0.177665     -0.025235
0.182741     -0.025231
0.187817     -0.025237
0.192893     -0.025218
0.197970     -0.025182
0.203046     -0.025155
0.208122     -0.025107
0.213198     -0.025040
0.218274     -0.024976
0.223350     -0.024914
0.228426     -0.024819
0.233503     -0.024723
0.238579     -0.024654
0.243655     -0.024539
0.248731     -0.024424
0.253807     -0.024309
0.258883     -0.024243
0.263959     -0.024136
0.269036     -0.024030
0.274112     -0.023925
0.279188     -0.023857
0.284264     -0.023748
0.289340     -0.023639
0.294416     -0.023530
0.299492     -0.023447
0.304569     -0.023319
0.309645     -0.023190
0.314721     -0.023060
0.319797     -0.022944
0.324873     -0.022842
0.329949     -0.022709
0.335025     -0.022576
0.340102     -0.022443
0.345178     -0.022331
0.350254     -0.022225
0.355330     -0.022093
0.360406     -0.021962
0.365482     -0.021830
0.370558     -0.021708
0.375635     -0.021613
0.380711     -0.021480
0.385787     -0.021347
0.390863     -0.021214
0.395939     -0.021081
0.401015     -0.020979
0.406091     -0.020871
0.411168     -0.020743
0.416244     -0.020614
0.421320     -0.020486
0.426396     -0.020358
0.431472     -0.020261
0.436548     -0.020161
0.441624     -0.020040
0.446701     -0.019918
0.451777     -0.019796
0.456853     -0.019675
0.461929     -0.019564
0.467005     -0.019491
0.472081     -0.019378
0.477157     -0.019264
0.482233     -0.019150
0.487310     -0.019036
0.492386     -0.018922
0.497462     -0.018826
0.502538     -0.018758
0.507614     -0.018655
0.512690     -0.018553
0.517766     -0.018450
0.522843     -0.018347
0.527919     -0.018245
0.532995     -0.018165
0.538071     -0.018097
0.543147     -0.018004
0.548223     -0.017910
0.553299     -0.017816
0.558376     -0.017723
0.563452     -0.017633
0.568528     -0.017590
0.573604     -0.017510
0.578680     -0.017430
0.583756     -0.017350
0.588832     -0.017270
0.593909     -0.017194
0.598985     -0.017159
0.604061     -0.017090
0.609137     -0.017021
0.614213     -0.016953
0.619289     -0.016884
0.624365     -0.016832
0.629442     -0.016775
0.634518     -0.016702
0.639594     -0.016630
0.644670     -0.016557
0.649746     -0.016491
0.654822     -0.016427
0.659898     -0.016342
0.664975     -0.016257
0.670051     -0.016172
0.675127     -0.016100
0.680203     -0.016023
0.685279     -0.015932
0.690355     -0.015841
0.695431     -0.015751
0.700508     -0.015689
0.705584     -0.015601
0.710660     -0.015514
0.715736     -0.015426
0.720812     -0.015366
0.725888     -0.015285
0.730964     -0.015203
0.736041     -0.015121
0.741117     -0.015063
0.746193     -0.014983
0.751269     -0.014903
0.756345     -0.014824
0.761421     -0.014765
0.766497     -0.014687
0.771574     -0.014608
0.776650     -0.014550
0.781726     -0.014474
0.786802     -0.014397
0.791878     -0.014335
0.796954     -0.014265
0.802030     -0.014190
0.807107     -0.014131
0.812183     -0.014060
0.817259     -0.013987
0.822335     -0.013931
0.827411     -0.013858
0.832487     -0.013787
0.837563     -0.013729
0.842640     -0.013657
0.847716     -0.013600
0.852792     -0.013528
0.857868     -0.013469
0.862944     -0.013398
0.868020     -0.013334
0.873096     -0.013267
0.878173     -0.013204
0.883249     -0.013135
0.888325     -0.013075
0.893401     -0.013005
0.898477     -0.012946
0.903553     -0.012882
0.908629     -0.012822
0.913706     -0.012768
0.918782     -0.012714
0.923858     -0.012654
0.928934     -0.012606
0.934010     -0.012559
0.939086     -0.012513
0.944162     -0.012467
0.949239     -0.012423
0.954315     -0.012380
0.959391     -0.012342
0.964467     -0.012316
0.969543     -0.012292
0.974619     -0.012285
0.979695     -0.012289
0.984772     -0.012309
0.989848     -0.012346
0.994924     -0.012404
