Airfoil_rR0.800000.txt
1.000000     0.000000
0.994924     0.001046
0.989848     0.002088
0.984772     0.003133
0.979695     0.004178
0.974619     0.005221
0.969543     0.006263
0.964467     0.007310
0.959391     0.008351
0.954315     0.009394
0.949239     0.010440
0.944162     0.011484
0.939086     0.012527
0.934010     0.013570
0.928934     0.014611
0.923858     0.015656
0.918782     0.016706
0.913706     0.017746
0.908629     0.018784
0.903553     0.019835
0.898477     0.020876
0.893401     0.021912
0.888325     0.022967
0.883249     0.024001
0.878173     0.025057
0.873096     0.026090
0.868020     0.027145
0.862944     0.028176
0.857868     0.029229
0.852792     0.030255
0.847716     0.031304
0.842640     0.032326
0.837563     0.033367
0.832487     0.034401
0.827411     0.035417
0.822335     0.036451
0.817259     0.037457
0.812183     0.038477
0.807107     0.039501
0.802030     0.040487
0.796954     0.041500
0.791878     0.042513
0.786802     0.043485
0.781726     0.044484
0.776650     0.045484
0.771574     0.046452
0.766497     0.047427
0.761421     0.048413
0.756345     0.049386
0.751269     0.050329
0.746193     0.051296
0.741117     0.052263
0.736041     0.053202
0.730964     0.054133
0.725888     0.055081
0.720812     0.056028
0.715736     0.056944
0.710660     0.057854
0.705584     0.058781
0.700508     0.059708
0.695431     0.060615
0.690355     0.061495
0.685279     0.062394
0.680203     0.063293
0.675127     0.064192
0.670051     0.065047
0.664975     0.065900
0.659898     0.066758
0.654822     0.067615
0.649746     0.068473
0.644670     0.069280
0.639594     0.070086
0.634518     0.070893
0.629442     0.071699
0.624365     0.072506
0.619289     0.073272
0.614213     0.074029
0.609137     0.074792
0.604061     0.075556
0.598985     0.076319
0.593909     0.077074
0.588832     0.077785
0.583756     0.078502
0.578680     0.079226
0.573604     0.079950
0.568528     0.080675
0.563452     0.081392
0.558376     0.082063
0.553299     0.082735
0.548223     0.083406
0.543147     0.084078
0.538071     0.084749
0.532995     0.085421
0.527919     0.086056
0.522843     0.086675
0.517766     0.087288
0.512690     0.087898
0.507614     0.088509
0.502538     0.089119
0.497462     0.089730
0.492386     0.090301
0.487310     0.090858
0.482233     0.091403
0.477157     0.091942
0.472081     0.092480
0.467005     0.093019
0.461929     0.093558
0.456853     0.094061
0.451777     0.094546
0.446701     0.095018
0.441624     0.095478
0.436548     0.095939
0.431472     0.096399
0.426396     0.096859
0.421320     0.097272
0.416244     0.097679
0.411168     0.098059
0.406091     0.098436
0.401015     0.098814
0.395939     0.099192
0.390863     0.099539
0.385787     0.099863
0.380711     0.100162
0.375635     0.100452
0.370558     0.100742
0.365482     0.101031
0.360406     0.101285
0.355330     0.101522
0.350254     0.101722
0.345178     0.101921
0.340102     0.102121
0.335025     0.102311
0.329949     0.102457
0.324873     0.102582
0.319797     0.102691
0.314721     0.102800
0.309645     0.102907
0.304569     0.102963
0.299492     0.102989
0.294416     0.102990
0.289340     0.102991
0.284264     0.102980
0.279188     0.102929
0.274112     0.102838
0.269036     0.102739
0.263959     0.102639
0.258883     0.102501
0.253807     0.102344
0.248731     0.102178
0.243655     0.102013
0.238579     0.101818
0.233503     0.101598
0.228426     0.101375
0.223350     0.101152
0.218274     0.100894
0.213198     0.100607
0.208122     0.100311
0.203046     0.100012
0.197970     0.099665
0.192893     0.099283
0.187817     0.098901
0.182741     0.098485
0.177665     0.098019
0.172589     0.097537
0.167513     0.097029
0.162437     0.096459
0.157360     0.095863
0.152284     0.095239
0.147208     0.094539
0.142132     0.093819
0.137056     0.093052
0.131980     0.092196
0.126904     0.091326
0.121827     0.090364
0.116751     0.089362
0.111675     0.088281
0.106599     0.087120
0.101523     0.085902
0.096447     0.084571
0.091371     0.083180
0.086294     0.081667
0.081218     0.080060
0.076142     0.078345
0.071066     0.076484
0.065990     0.074522
0.060914     0.072380
0.055838     0.070065
0.050761     0.067576
0.045685     0.064881
0.040609     0.061938
0.035533     0.058699
0.030457     0.055108
0.025381     0.051095
0.020305     0.046573
0.015228     0.041287
0.010152     0.034905
0.005076     0.026388
0.005076     -0.004189
0.010152     -0.008219
0.015228     -0.011129
0.020305     -0.013465
0.025381     -0.015429
0.030457     -0.017101
0.035533     -0.018581
0.040609     -0.019902
0.045685     -0.021087
0.050761     -0.022154
0.055838     -0.023119
0.060914     -0.023996
0.065990     -0.024800
0.071066     -0.025541
0.076142     -0.026238
0.081218     -0.026851
0.086294     -0.027424
0.091371     -0.027976
0.096447     -0.028451
0.101523     -0.028910
0.106599     -0.029326
0.111675     -0.029706
0.116751     -0.030067
0.121827     -0.030385
0.126904     -0.030692
0.131980     -0.030962
0.137056     -0.031213
0.142132     -0.031448
0.147208     -0.031643
0.152284     -0.031846
0.157360     -0.031991
0.162437     -0.032147
0.167513     -0.032280
0.172589     -0.032379
0.177665     -0.032489
0.182741     -0.032560
0.187817     -0.032621
0.192893     -0.032686
0.197970     -0.032712
0.203046     -0.032732
0.208122     -0.032757
0.213198     -0.032753
0.218274     -0.032730
0.223350     -0.032717
0.228426     -0.032698
0.233503     -0.032630
0.238579     -0.032585
0.243655     -0.032540
0.248731     -0.032468
0.253807     -0.032388
0.258883     -0.032336
0.263959     -0.032283
0.269036     -0.032199
0.274112     -0.032113
0.279188     -0.032047
0.284264     -0.031981
0.289340     -0.031893
0.294416     -0.031782
0.299492     -0.031688
0.304569     -0.031593
0.309645     -0.031498
0.314721     -0.031356
0.319797     -0.031235
0.324873     -0.031125
0.329949     -0.031014
0.335025     -0.030894
0.340102     -0.030739
0.345178     -0.030611
0.350254     -0.030491
0.355330     -0.030370
0.360406     -0.030246
0.365482     -0.030083
0.370558     -0.029938
0.375635     -0.029806
0.380711     -0.029675
0.385787     -0.029543
0.390863     -0.029386
0.395939     -0.029214
0.401015     -0.029076
0.406091     -0.028938
0.411168     -0.028801
0.416244     -0.028663
0.421320     -0.028497
0.426396     -0.028322
0.431472     -0.028179
0.436548     -0.028038
0.441624     -0.027897
0.446701     -0.027756
0.451777     -0.027600
0.456853     -0.027423
0.461929     -0.027264
0.467005     -0.027122
0.472081     -0.026979
0.477157     -0.026837
0.482233     -0.026694
0.487310     -0.026529
0.492386     -0.026352
0.497462     -0.026200
0.502538     -0.026060
0.507614     -0.025921
0.512690     -0.025781
0.517766     -0.025642
0.522843     -0.025477
0.527919     -0.025305
0.532995     -0.025159
0.538071     -0.025022
0.543147     -0.024885
0.548223     -0.024747
0.553299     -0.024603
0.558376     -0.024435
0.563452     -0.024279
0.568528     -0.024149
0.573604     -0.024019
0.578680     -0.023889
0.583756     -0.023757
0.588832     -0.023597
0.593909     -0.023450
0.598985     -0.023327
0.604061     -0.023205
0.609137     -0.023083
0.614213     -0.022950
0.619289     -0.022799
0.624365     -0.022664
0.629442     -0.022536
0.634518     -0.022408
0.639594     -0.022278
0.644670     -0.022122
0.649746     -0.021972
0.654822     -0.021828
0.659898     -0.021685
0.664975     -0.021540
0.670051     -0.021369
0.675127     -0.021211
0.680203     -0.021060
0.685279     -0.020909
0.690355     -0.020746
0.695431     -0.020570
0.700508     -0.020421
0.705584     -0.020272
0.710660     -0.020120
0.715736     -0.019944
0.720812     -0.019795
0.725888     -0.019651
0.730964     -0.019506
0.736041     -0.019335
0.741117     -0.019190
0.746193     -0.019047
0.751269     -0.018898
0.756345     -0.018734
0.761421     -0.018594
0.766497     -0.018453
0.771574     -0.018292
0.776650     -0.018147
0.781726     -0.018010
0.786802     -0.017859
0.791878     -0.017710
0.796954     -0.017575
0.802030     -0.017429
0.807107     -0.017283
0.812183     -0.017151
0.817259     -0.017003
0.822335     -0.016865
0.827411     -0.016735
0.832487     -0.016584
0.837563     -0.016456
0.842640     -0.016316
0.847716     -0.016180
0.852792     -0.016051
0.857868     -0.015909
0.862944     -0.015784
0.868020     -0.015641
0.873096     -0.015518
0.878173     -0.015379
0.883249     -0.015257
0.888325     -0.015123
0.893401     -0.014997
0.898477     -0.014875
0.903553     -0.014748
0.908629     -0.014635
0.913706     -0.014518
0.918782     -0.014401
0.923858     -0.014288
0.928934     -0.014187
0.934010     -0.014086
0.939086     -0.013984
0.944162     -0.013886
0.949239     -0.013792
0.954315     -0.013701
0.959391     -0.013613
0.964467     -0.013542
0.969543     -0.013479
0.974619     -0.013431
0.979695     -0.013398
0.984772     -0.013384
0.989848     -0.013387
0.994924     -0.013415
