Airfoil_rR0.900000.txt
1.000000     0.000000
0.994924     0.001066
0.989848     0.002129
0.984772     0.003194
0.979695     0.004258
0.974619     0.005320
0.969543     0.006379
0.964467     0.007448
0.959391     0.008507
0.954315     0.009567
0.949239     0.010632
0.944162     0.011696
0.939086     0.012758
0.934010     0.013820
0.928934     0.014881
0.923858     0.015948
0.918782     0.017016
0.913706     0.018075
0.908629     0.019132
0.903553     0.020204
0.898477     0.021264
0.893401     0.022323
0.888325     0.023396
0.883249     0.024444
0.878173     0.025521
0.873096     0.026571
0.868020     0.027647
0.862944     0.028696
0.857868     0.029775
0.852792     0.030821
0.847716     0.031900
0.842640     0.032953
0.837563     0.034020
0.832487     0.035087
0.827411     0.036136
0.822335     0.037219
0.817259     0.038271
0.812183     0.039332
0.807107     0.040411
0.802030     0.041457
0.796954     0.042523
0.791878     0.043601
0.786802     0.044647
0.781726     0.045710
0.776650     0.046792
0.771574     0.047841
0.766497     0.048893
0.761421     0.049975
0.756345     0.051038
0.751269     0.052085
0.746193     0.053155
0.741117     0.054237
0.736041     0.055288
0.730964     0.056336
0.725888     0.057415
0.720812     0.058498
0.715736     0.059549
0.710660     0.060598
0.705584     0.061675
0.700508     0.062759
0.695431     0.063816
0.690355     0.064866
0.685279     0.065931
0.680203     0.067011
0.675127     0.068081
0.670051     0.069125
0.664975     0.070170
0.659898     0.071238
0.654822     0.072311
0.649746     0.073363
0.644670     0.074392
0.639594     0.075421
0.634518     0.076477
0.629442     0.077538
0.624365     0.078581
0.619289     0.079586
0.614213     0.080591
0.609137     0.081614
0.604061     0.082656
0.598985     0.083699
0.593909     0.084692
0.588832     0.085672
0.583756     0.086652
0.578680     0.087650
0.573604     0.088656
0.568528     0.089662
0.563452     0.090615
0.558376     0.091558
0.553299     0.092500
0.548223     0.093447
0.543147     0.094398
0.538071     0.095348
0.532995     0.096270
0.527919     0.097158
0.522843     0.098046
0.517766     0.098934
0.512690     0.099818
0.507614     0.100702
0.502538     0.101586
0.497462     0.102433
0.492386     0.103256
0.487310     0.104079
0.482233     0.104902
0.477157     0.105707
0.472081     0.106508
0.467005     0.107309
0.461929     0.108082
0.456853     0.108824
0.451777     0.109567
0.446701     0.110309
0.441624     0.111028
0.436548     0.111736
0.431472     0.112444
0.426396     0.113121
0.421320     0.113772
0.416244     0.114424
0.411168     0.115076
0.406091     0.115684
0.401015     0.116291
0.395939     0.116894
0.390863     0.117449
0.385787     0.118003
0.380711     0.118558
0.375635     0.119071
0.370558     0.119571
0.365482     0.120070
0.360406     0.120520
0.355330     0.120971
0.350254     0.121421
0.345178     0.121814
0.340102     0.122202
0.335025     0.122572
0.329949     0.122915
0.324873     0.123257
0.319797     0.123564
0.314721     0.123833
0.309645     0.124099
0.304569     0.124326
0.299492     0.124553
0.294416     0.124748
0.289340     0.124889
0.284264     0.125023
0.279188     0.125126
0.274112     0.125228
0.269036     0.125279
0.263959     0.125299
0.258883     0.125300
0.253807     0.125284
0.248731     0.125262
0.243655     0.125211
0.238579     0.125151
0.233503     0.125064
0.228426     0.124975
0.223350     0.124874
0.218274     0.124763
0.213198     0.124623
0.208122     0.124475
0.203046     0.124291
0.197970     0.124088
0.192893     0.123866
0.187817     0.123604
0.182741     0.123314
0.177665     0.122987
0.172589     0.122641
0.167513     0.122226
0.162437     0.121785
0.157360     0.121326
0.152284     0.120765
0.147208     0.120184
0.142132     0.119569
0.137056     0.118843
0.131980     0.118096
0.126904     0.117269
0.121827     0.116353
0.116751     0.115428
0.111675     0.114316
0.106599     0.113196
0.101523     0.111931
0.096447     0.110595
0.091371     0.109133
0.086294     0.107560
0.081218     0.105842
0.076142     0.104016
0.071066     0.101973
0.065990     0.099861
0.060914     0.097445
0.055838     0.094857
0.050761     0.092087
0.045685     0.089017
0.040609     0.085598
0.035533     0.081835
0.030457     0.077659
0.025381     0.072952
0.020305     0.067482
0.015228     0.061152
0.010152     0.053371
0.005076     0.042965
0.005076     0.001102
0.010152     -0.005697
0.015228     -0.010751
0.020305     -0.014875
0.025381     -0.018433
0.030457     -0.021515
0.035533     -0.024279
0.040609     -0.026782
0.045685     -0.029066
0.050761     -0.031166
0.055838     -0.033112
0.060914     -0.034908
0.065990     -0.036562
0.071066     -0.038121
0.076142     -0.039597
0.081218     -0.040939
0.086294     -0.042227
0.091371     -0.043425
0.096447     -0.044551
0.101523     -0.045620
0.106599     -0.046612
0.111675     -0.047560
0.116751     -0.048441
0.121827     -0.049277
0.126904     -0.050066
0.131980     -0.050797
0.137056     -0.051512
0.142132     -0.052145
0.147208     -0.052765
0.152284     -0.053340
0.157360     -0.053874
0.162437     -0.054392
0.167513     -0.054852
0.172589     -0.055291
0.177665     -0.055716
0.182741     -0.056084
0.187817     -0.056436
0.192893     -0.056772
0.197970     -0.057065
0.203046     -0.057340
0.208122     -0.057591
0.213198     -0.057823
0.218274     -0.058018
0.223350     -0.058201
0.228426     -0.058370
0.233503     -0.058503
0.238579     -0.058622
0.243655     -0.058724
0.248731     -0.058821
0.253807     -0.058881
0.258883     -0.058934
0.263959     -0.058970
0.269036     -0.058999
0.274112     -0.059003
0.279188     -0.058997
0.284264     -0.058977
0.289340     -0.058938
0.294416     -0.058892
0.299492     -0.058822
0.304569     -0.058752
0.309645     -0.058657
0.314721     -0.058554
0.319797     -0.058440
0.324873     -0.058312
0.329949     -0.058184
0.335025     -0.058031
0.340102     -0.057871
0.345178     -0.057705
0.350254     -0.057526
0.355330     -0.057347
0.360406     -0.057151
0.365482     -0.056938
0.370558     -0.056726
0.375635     -0.056501
0.380711     -0.056274
0.385787     -0.056047
0.390863     -0.055793
0.395939     -0.055532
0.401015     -0.055272
0.406091     -0.055002
0.411168     -0.054731
0.416244     -0.054461
0.421320     -0.054167
0.426396     -0.053863
0.431472     -0.053560
0.436548     -0.053253
0.441624     -0.052944
0.446701     -0.052635
0.451777     -0.052321
0.456853     -0.051980
0.461929     -0.051640
0.467005     -0.051299
0.472081     -0.050958
0.477157     -0.050616
0.482233     -0.050275
0.487310     -0.049928
0.492386     -0.049558
0.497462     -0.049188
0.502538     -0.048819
0.507614     -0.048452
0.512690     -0.048085
0.517766     -0.047718
0.522843     -0.047346
0.527919     -0.046955
0.532995     -0.046564
0.538071     -0.046174
0.543147     -0.045788
0.548223     -0.045402
0.553299     -0.045017
0.558376     -0.044620
0.563452     -0.044218
0.568528     -0.043816
0.573604     -0.043420
0.578680     -0.043026
0.583756     -0.042631
0.588832     -0.042230
0.593909     -0.041824
0.598985     -0.041419
0.604061     -0.041021
0.609137     -0.040624
0.614213     -0.040226
0.619289     -0.039814
0.624365     -0.039400
0.629442     -0.038990
0.634518     -0.038585
0.639594     -0.038179
0.644670     -0.037758
0.649746     -0.037327
0.654822     -0.036898
0.659898     -0.036476
0.664975     -0.036053
0.670051     -0.035619
0.675127     -0.035180
0.680203     -0.034745
0.685279     -0.034314
0.690355     -0.033882
0.695431     -0.033449
0.700508     -0.033015
0.705584     -0.032589
0.710660     -0.032162
0.715736     -0.031740
0.720812     -0.031318
0.725888     -0.030902
0.730964     -0.030487
0.736041     -0.030075
0.741117     -0.029665
0.746193     -0.029259
0.751269     -0.028853
0.756345     -0.028455
0.761421     -0.028059
0.766497     -0.027663
0.771574     -0.027275
0.776650     -0.026892
0.781726     -0.026510
0.786802     -0.026131
0.791878     -0.025765
0.796954     -0.025397
0.802030     -0.025033
0.807107     -0.024682
0.812183     -0.024329
0.817259     -0.023983
0.822335     -0.023649
0.827411     -0.023310
0.832487     -0.022988
0.837563     -0.022667
0.842640     -0.022350
0.847716     -0.022048
0.852792     -0.021738
0.857868     -0.021455
0.862944     -0.021161
0.868020     -0.020890
0.873096     -0.020611
0.878173     -0.020356
0.883249     -0.020091
0.888325     -0.019856
0.893401     -0.019613
0.898477     -0.019392
0.903553     -0.019181
0.908629     -0.018969
0.913706     -0.018785
0.918782     -0.018613
0.923858     -0.018445
0.928934     -0.018291
0.934010     -0.018158
0.939086     -0.018038
0.944162     -0.017930
0.949239     -0.017836
0.954315     -0.017758
0.959391     -0.017708
0.964467     -0.017679
0.969543     -0.017670
0.974619     -0.017700
0.979695     -0.017765
0.984772     -0.017864
0.989848     -0.018010
0.994924     -0.018196
