Airfoil_rR0.325000.txt
1.000000     0.000000
0.994924     0.001194
0.989848     0.002384
0.984772     0.003567
0.979695     0.004743
0.974619     0.005912
0.969543     0.007075
0.964467     0.008224
0.959391     0.009369
0.954315     0.010502
0.949239     0.011625
0.944162     0.012737
0.939086     0.013840
0.934010     0.014932
0.928934     0.016015
0.923858     0.017084
0.918782     0.018139
0.913706     0.019187
0.908629     0.020227
0.903553     0.021249
0.898477     0.022262
0.893401     0.023269
0.888325     0.024254
0.883249     0.025238
0.878173     0.026203
0.873096     0.027163
0.868020     0.028107
0.862944     0.029044
0.857868     0.029965
0.852792     0.030881
0.847716     0.031777
0.842640     0.032673
0.837563     0.033545
0.832487     0.034414
0.827411     0.035270
0.822335     0.036113
0.817259     0.036952
0.812183     0.037771
0.807107     0.038584
0.802030     0.039392
0.796954     0.040176
0.791878     0.040958
0.786802     0.041734
0.781726     0.042487
0.776650     0.043237
0.771574     0.043980
0.766497     0.044706
0.761421     0.045422
0.756345     0.046134
0.751269     0.046834
0.746193     0.047513
0.741117     0.048191
0.736041     0.048860
0.730964     0.049514
0.725888     0.050153
0.720812     0.050792
0.715736     0.051420
0.710660     0.052036
0.705584     0.052635
0.700508     0.053234
0.695431     0.053824
0.690355     0.054401
0.685279     0.054957
0.680203     0.055511
0.675127     0.056064
0.670051     0.056589
0.664975     0.057102
0.659898     0.057599
0.654822     0.058095
0.649746     0.058592
0.644670     0.059044
0.639594     0.059490
0.634518     0.059918
0.629442     0.060347
0.624365     0.060776
0.619289     0.061173
0.614213     0.061557
0.609137     0.061923
0.604061     0.062286
0.598985     0.062649
0.593909     0.063010
0.588832     0.063340
0.583756     0.063669
0.578680     0.063980
0.573604     0.064290
0.568528     0.064600
0.563452     0.064909
0.558376     0.065178
0.553299     0.065447
0.548223     0.065697
0.543147     0.065946
0.538071     0.066195
0.532995     0.066444
0.527919     0.066666
0.522843     0.066867
0.517766     0.067062
0.512690     0.067244
0.507614     0.067426
0.502538     0.067607
0.497462     0.067789
0.492386     0.067939
0.487310     0.068069
0.482233     0.068193
0.477157     0.068304
0.472081     0.068416
0.467005     0.068528
0.461929     0.068639
0.456853     0.068716
0.451777     0.068775
0.446701     0.068825
0.441624     0.068867
0.436548     0.068908
0.431472     0.068949
0.426396     0.068982
0.421320     0.068973
0.416244     0.068960
0.411168     0.068934
0.406091     0.068907
0.401015     0.068881
0.395939     0.068848
0.390863     0.068772
0.385787     0.068690
0.380711     0.068597
0.375635     0.068504
0.370558     0.068410
0.365482     0.068293
0.360406     0.068150
0.355330     0.067995
0.350254     0.067836
0.345178     0.067676
0.340102     0.067507
0.335025     0.067303
0.329949     0.067089
0.324873     0.066869
0.319797     0.066649
0.314721     0.066414
0.309645     0.066145
0.304569     0.065865
0.299492     0.065581
0.294416     0.065298
0.289340     0.064974
0.284264     0.064630
0.279188     0.064278
0.274112     0.063925
0.269036     0.063554
0.263959     0.063160
0.258883     0.062755
0.253807     0.062350
0.248731     0.061938
0.243655     0.061516
0.238579     0.061084
0.233503     0.060652
0.228426     0.060214
0.223350     0.059767
0.218274     0.059315
0.213198     0.058857
0.208122     0.058386
0.203046     0.057906
0.197970     0.057424
0.192893     0.056919
0.187817     0.056403
0.182741     0.055884
0.177665     0.055336
0.172589     0.054778
0.167513     0.054211
0.162437     0.053612
0.157360     0.053008
0.152284     0.052374
0.147208     0.051718
0.142132     0.051049
0.137056     0.050339
0.131980     0.049623
0.126904     0.048854
0.121827     0.048076
0.116751     0.047248
0.111675     0.046404
0.106599     0.045504
0.101523     0.044588
0.096447     0.043605
0.091371     0.042595
0.086294     0.041534
0.081218     0.040412
0.076142     0.039245
0.071066     0.038017
0.065990     0.036708
0.060914     0.035330
0.055838     0.033874
0.050761     0.032326
0.045685     0.030675
0.040609     0.028904
0.035533     0.026998
0.030457     0.024942
0.025381     0.022666
0.020305     0.020156
0.015228     0.017298
0.010152     0.013907
0.005076     0.009582
0.005076     -0.006074
0.010152     -0.007855
0.015228     -0.008882
0.020305     -0.009496
0.025381     -0.009838
0.030457     -0.009986
0.035533     -0.009984
0.040609     -0.009868
0.045685     -0.009647
0.050761     -0.009346
0.055838     -0.008977
0.060914     -0.008548
0.065990     -0.008069
0.071066     -0.007543
0.076142     -0.006978
0.081218     -0.006385
0.086294     -0.005767
0.091371     -0.005123
0.096447     -0.004461
0.101523     -0.003784
0.106599     -0.003091
0.111675     -0.002392
0.116751     -0.001681
0.121827     -0.000969
0.126904     -0.000249
0.131980     0.000467
0.137056     0.001188
0.142132     0.001901
0.147208     0.002615
0.152284     0.003322
0.157360     0.004020
0.162437     0.004720
0.167513     0.005392
0.172589     0.006069
0.177665     0.006730
0.182741     0.007368
0.187817     0.008011
0.192893     0.008620
0.197970     0.009213
0.203046     0.009809
0.208122     0.010361
0.213198     0.010895
0.218274     0.011434
0.223350     0.011933
0.228426     0.012394
0.233503     0.012862
0.238579     0.013324
0.243655     0.013700
0.248731     0.014088
0.253807     0.014477
0.258883     0.014837
0.263959     0.015156
0.269036     0.015487
0.274112     0.015817
0.279188     0.016128
0.284264     0.016419
0.289340     0.016721
0.294416     0.017024
0.299492     0.017317
0.304569     0.017584
0.309645     0.017862
0.314721     0.018143
0.319797     0.018423
0.324873     0.018667
0.329949     0.018899
0.335025     0.019144
0.340102     0.019389
0.345178     0.019634
0.350254     0.019830
0.355330     0.020024
0.360406     0.020229
0.365482     0.020435
0.370558     0.020641
0.375635     0.020808
0.380711     0.020959
0.385787     0.021124
0.390863     0.021291
0.395939     0.021458
0.401015     0.021616
0.406091     0.021723
0.411168     0.021833
0.416244     0.021956
0.421320     0.022079
0.426396     0.022202
0.431472     0.022313
0.436548     0.022372
0.441624     0.022432
0.446701     0.022508
0.451777     0.022584
0.456853     0.022659
0.461929     0.022735
0.467005     0.022758
0.472081     0.022767
0.477157     0.022784
0.482233     0.022810
0.487310     0.022836
0.492386     0.022862
0.497462     0.022888
0.502538     0.022850
0.507614     0.022806
0.512690     0.022774
0.517766     0.022748
0.522843     0.022723
0.527919     0.022697
0.532995     0.022667
0.538071     0.022575
0.543147     0.022483
0.548223     0.022409
0.553299     0.022336
0.558376     0.022263
0.563452     0.022190
0.568528     0.022072
0.573604     0.021931
0.578680     0.021805
0.583756     0.021683
0.588832     0.021562
0.593909     0.021441
0.598985     0.021277
0.604061     0.021095
0.609137     0.020929
0.614213     0.020766
0.619289     0.020603
0.624365     0.020435
0.629442     0.020229
0.634518     0.020032
0.639594     0.019846
0.644670     0.019661
0.649746     0.019475
0.654822     0.019257
0.659898     0.019044
0.664975     0.018845
0.670051     0.018646
0.675127     0.018443
0.680203     0.018204
0.685279     0.017979
0.690355     0.017761
0.695431     0.017544
0.700508     0.017300
0.705584     0.017042
0.710660     0.016801
0.715736     0.016559
0.720812     0.016301
0.725888     0.016016
0.730964     0.015750
0.736041     0.015484
0.741117     0.015201
0.746193     0.014900
0.751269     0.014615
0.756345     0.014331
0.761421     0.014016
0.766497     0.013707
0.771574     0.013405
0.776650     0.013090
0.781726     0.012757
0.786802     0.012439
0.791878     0.012115
0.796954     0.011764
0.802030     0.011431
0.807107     0.011092
0.812183     0.010730
0.817259     0.010385
0.822335     0.010026
0.827411     0.009659
0.832487     0.009302
0.837563     0.008920
0.842640     0.008554
0.847716     0.008175
0.852792     0.007793
0.857868     0.007414
0.862944     0.007019
0.868020     0.006636
0.873096     0.006234
0.878173     0.005843
0.883249     0.005436
0.888325     0.005034
0.893401     0.004626
0.898477     0.004210
0.903553     0.003804
0.908629     0.003381
0.913706     0.002957
0.918782     0.002538
0.923858     0.002110
0.928934     0.001678
0.934010     0.001242
0.939086     0.000805
0.944162     0.000366
0.949239     -0.000076
0.954315     -0.000521
0.959391     -0.000969
0.964467     -0.001424
0.969543     -0.001883
0.974619     -0.002350
0.979695     -0.002821
0.984772     -0.003301
0.989848     -0.003787
0.994924     -0.004283
