Airfoil_rR0.775000.txt
1.000000     0.000000
0.994924     0.001067
0.989848     0.002129
0.984772     0.003194
0.979695     0.004256
0.974619     0.005319
0.969543     0.006379
0.964467     0.007443
0.959391     0.008501
0.954315     0.009566
0.949239     0.010631
0.944162     0.011695
0.939086     0.012757
0.934010     0.013817
0.928934     0.014876
0.923858     0.015937
0.918782     0.017004
0.913706     0.018073
0.908629     0.019128
0.903553     0.020191
0.898477     0.021263
0.893401     0.022312
0.888325     0.023383
0.883249     0.024442
0.878173     0.025502
0.873096     0.026564
0.868020     0.027617
0.862944     0.028675
0.857868     0.029725
0.852792     0.030770
0.847716     0.031822
0.842640     0.032848
0.837563     0.033907
0.832487     0.034923
0.827411     0.035959
0.822335     0.036985
0.817259     0.037990
0.812183     0.039027
0.807107     0.040027
0.802030     0.041021
0.796954     0.042050
0.791878     0.043031
0.786802     0.044010
0.781726     0.045025
0.776650     0.045998
0.771574     0.046962
0.766497     0.047953
0.761421     0.048926
0.756345     0.049875
0.751269     0.050831
0.746193     0.051810
0.741117     0.052743
0.736041     0.053672
0.730964     0.054615
0.725888     0.055569
0.720812     0.056475
0.715736     0.057381
0.710660     0.058301
0.705584     0.059238
0.700508     0.060126
0.695431     0.061010
0.690355     0.061898
0.685279     0.062805
0.680203     0.063686
0.675127     0.064541
0.670051     0.065396
0.664975     0.066256
0.659898     0.067121
0.654822     0.067945
0.649746     0.068757
0.644670     0.069568
0.639594     0.070380
0.634518     0.071192
0.629442     0.071968
0.624365     0.072726
0.619289     0.073484
0.614213     0.074243
0.609137     0.075011
0.604061     0.075768
0.598985     0.076479
0.593909     0.077191
0.588832     0.077903
0.583756     0.078622
0.578680     0.079349
0.573604     0.080059
0.568528     0.080730
0.563452     0.081401
0.558376     0.082072
0.553299     0.082744
0.548223     0.083417
0.543147     0.084090
0.538071     0.084707
0.532995     0.085324
0.527919     0.085941
0.522843     0.086558
0.517766     0.087170
0.512690     0.087781
0.507614     0.088379
0.502538     0.088934
0.497462     0.089489
0.492386     0.090043
0.487310     0.090598
0.482233     0.091142
0.477157     0.091681
0.472081     0.092212
0.467005     0.092695
0.461929     0.093178
0.456853     0.093661
0.451777     0.094144
0.446701     0.094613
0.441624     0.095074
0.436548     0.095522
0.431472     0.095927
0.426396     0.096332
0.421320     0.096737
0.416244     0.097142
0.411168     0.097521
0.406091     0.097899
0.401015     0.098235
0.395939     0.098557
0.390863     0.098880
0.385787     0.099203
0.380711     0.099500
0.375635     0.099790
0.370558     0.100041
0.365482     0.100276
0.360406     0.100511
0.355330     0.100745
0.350254     0.100946
0.345178     0.101142
0.340102     0.101287
0.335025     0.101433
0.329949     0.101578
0.324873     0.101702
0.319797     0.101812
0.314721     0.101877
0.309645     0.101933
0.304569     0.101988
0.299492     0.102013
0.294416     0.102016
0.289340     0.101970
0.284264     0.101919
0.279188     0.101868
0.274112     0.101776
0.269036     0.101662
0.263959     0.101511
0.258883     0.101360
0.253807     0.101203
0.248731     0.101038
0.243655     0.100821
0.238579     0.100604
0.233503     0.100386
0.228426     0.100165
0.223350     0.099892
0.218274     0.099620
0.213198     0.099337
0.208122     0.099028
0.203046     0.098684
0.197970     0.098339
0.192893     0.097963
0.187817     0.097541
0.182741     0.097113
0.177665     0.096650
0.172589     0.096142
0.167513     0.095616
0.162437     0.095050
0.157360     0.094431
0.152284     0.093794
0.147208     0.093099
0.142132     0.092347
0.137056     0.091575
0.131980     0.090720
0.126904     0.089827
0.121827     0.088872
0.116751     0.087843
0.111675     0.086767
0.106599     0.085593
0.101523     0.084373
0.096447     0.083036
0.091371     0.081642
0.086294     0.080123
0.081218     0.078522
0.076142     0.076798
0.071066     0.074941
0.065990     0.072972
0.060914     0.070834
0.055838     0.068525
0.050761     0.066048
0.045685     0.063360
0.040609     0.060430
0.035533     0.057210
0.030457     0.053644
0.025381     0.049653
0.020305     0.045151
0.015228     0.039924
0.010152     0.033591
0.005076     0.025165
0.005076     -0.004261
0.010152     -0.007936
0.015228     -0.010567
0.020305     -0.012666
0.025381     -0.014420
0.030457     -0.015903
0.035533     -0.017210
0.040609     -0.018376
0.045685     -0.019417
0.050761     -0.020349
0.055838     -0.021185
0.060914     -0.021941
0.065990     -0.022627
0.071066     -0.023261
0.076142     -0.023848
0.081218     -0.024374
0.086294     -0.024849
0.091371     -0.025303
0.096447     -0.025702
0.101523     -0.026071
0.106599     -0.026421
0.111675     -0.026715
0.116751     -0.027016
0.121827     -0.027251
0.126904     -0.027503
0.131980     -0.027693
0.137056     -0.027895
0.142132     -0.028053
0.147208     -0.028204
0.152284     -0.028342
0.157360     -0.028442
0.162437     -0.028566
0.167513     -0.028630
0.172589     -0.028697
0.177665     -0.028766
0.182741     -0.028788
0.187817     -0.028823
0.192893     -0.028846
0.197970     -0.028832
0.203046     -0.028831
0.208122     -0.028822
0.213198     -0.028773
0.218274     -0.028732
0.223350     -0.028707
0.228426     -0.028626
0.233503     -0.028545
0.238579     -0.028491
0.243655     -0.028413
0.248731     -0.028307
0.253807     -0.028210
0.258883     -0.028161
0.263959     -0.028072
0.269036     -0.027969
0.274112     -0.027876
0.279188     -0.027819
0.284264     -0.027725
0.289340     -0.027615
0.294416     -0.027506
0.299492     -0.027422
0.304569     -0.027321
0.309645     -0.027187
0.314721     -0.027053
0.319797     -0.026937
0.324873     -0.026844
0.329949     -0.026716
0.335025     -0.026575
0.340102     -0.026433
0.345178     -0.026316
0.350254     -0.026217
0.355330     -0.026086
0.360406     -0.025941
0.365482     -0.025797
0.370558     -0.025666
0.375635     -0.025560
0.380711     -0.025438
0.385787     -0.025288
0.390863     -0.025139
0.395939     -0.024989
0.401015     -0.024872
0.406091     -0.024764
0.411168     -0.024630
0.416244     -0.024481
0.421320     -0.024331
0.426396     -0.024182
0.431472     -0.024066
0.436548     -0.023959
0.441624     -0.023833
0.446701     -0.023687
0.451777     -0.023540
0.456853     -0.023394
0.461929     -0.023263
0.467005     -0.023158
0.472081     -0.023054
0.477157     -0.022916
0.482233     -0.022773
0.487310     -0.022631
0.492386     -0.022489
0.497462     -0.022368
0.502538     -0.022270
0.507614     -0.022172
0.512690     -0.022038
0.517766     -0.021904
0.522843     -0.021770
0.527919     -0.021635
0.532995     -0.021526
0.538071     -0.021433
0.543147     -0.021330
0.548223     -0.021202
0.553299     -0.021074
0.558376     -0.020946
0.563452     -0.020826
0.568528     -0.020743
0.573604     -0.020659
0.578680     -0.020542
0.583756     -0.020426
0.588832     -0.020309
0.593909     -0.020200
0.598985     -0.020127
0.604061     -0.020047
0.609137     -0.019940
0.614213     -0.019834
0.619289     -0.019727
0.624365     -0.019637
0.629442     -0.019558
0.634518     -0.019456
0.639594     -0.019345
0.644670     -0.019233
0.649746     -0.019129
0.654822     -0.019036
0.659898     -0.018923
0.664975     -0.018798
0.670051     -0.018673
0.675127     -0.018561
0.680203     -0.018462
0.685279     -0.018333
0.690355     -0.018202
0.695431     -0.018070
0.700508     -0.017972
0.705584     -0.017860
0.710660     -0.017731
0.715736     -0.017602
0.720812     -0.017501
0.725888     -0.017399
0.730964     -0.017275
0.736041     -0.017152
0.741117     -0.017055
0.746193     -0.016950
0.751269     -0.016828
0.756345     -0.016710
0.761421     -0.016621
0.766497     -0.016505
0.771574     -0.016385
0.776650     -0.016288
0.781726     -0.016185
0.786802     -0.016067
0.791878     -0.015965
0.796954     -0.015868
0.802030     -0.015753
0.807107     -0.015653
0.812183     -0.015556
0.817259     -0.015442
0.822335     -0.015351
0.827411     -0.015247
0.832487     -0.015137
0.837563     -0.015052
0.842640     -0.014940
0.847716     -0.014851
0.852792     -0.014745
0.857868     -0.014648
0.862944     -0.014550
0.868020     -0.014449
0.873096     -0.014354
0.878173     -0.014255
0.883249     -0.014158
0.888325     -0.014066
0.893401     -0.013965
0.898477     -0.013880
0.903553     -0.013780
0.908629     -0.013694
0.913706     -0.013612
0.918782     -0.013524
0.923858     -0.013438
0.928934     -0.013363
0.934010     -0.013290
0.939086     -0.013217
0.944162     -0.013145
0.949239     -0.013075
0.954315     -0.013008
0.959391     -0.012945
0.964467     -0.012898
0.969543     -0.012852
0.974619     -0.012825
0.979695     -0.012810
0.984772     -0.012811
0.989848     -0.012829
0.994924     -0.012871
