Airfoil_rR0.525000.txt
1.000000     0.000000
0.994924     0.001277
0.989848     0.002543
0.984772     0.003814
0.979695     0.005079
0.974619     0.006344
0.969543     0.007600
0.964467     0.008855
0.959391     0.010100
0.954315     0.011345
0.949239     0.012582
0.944162     0.013810
0.939086     0.015028
0.934010     0.016237
0.928934     0.017435
0.923858     0.018624
0.918782     0.019807
0.913706     0.020991
0.908629     0.022147
0.903553     0.023294
0.898477     0.024454
0.893401     0.025577
0.888325     0.026706
0.883249     0.027821
0.878173     0.028921
0.873096     0.030024
0.868020     0.031100
0.862944     0.032183
0.857868     0.033243
0.852792     0.034300
0.847716     0.035350
0.842640     0.036374
0.837563     0.037416
0.832487     0.038408
0.827411     0.039424
0.822335     0.040422
0.817259     0.041393
0.812183     0.042384
0.807107     0.043339
0.802030     0.044290
0.796954     0.045252
0.791878     0.046176
0.786802     0.047098
0.781726     0.048031
0.776650     0.048935
0.771574     0.049818
0.766497     0.050720
0.761421     0.051616
0.756345     0.052455
0.751269     0.053320
0.746193     0.054187
0.741117     0.055024
0.736041     0.055834
0.730964     0.056663
0.725888     0.057492
0.720812     0.058286
0.715736     0.059057
0.710660     0.059849
0.705584     0.060641
0.700508     0.061409
0.695431     0.062136
0.690355     0.062882
0.685279     0.063630
0.680203     0.064377
0.675127     0.065067
0.670051     0.065753
0.664975     0.066443
0.659898     0.067134
0.654822     0.067820
0.649746     0.068445
0.644670     0.069070
0.639594     0.069693
0.634518     0.070316
0.629442     0.070939
0.624365     0.071504
0.619289     0.072061
0.614213     0.072621
0.609137     0.073180
0.604061     0.073740
0.598985     0.074278
0.593909     0.074771
0.588832     0.075270
0.583756     0.075776
0.578680     0.076283
0.573604     0.076789
0.568528     0.077271
0.563452     0.077710
0.558376     0.078151
0.553299     0.078593
0.548223     0.079035
0.543147     0.079477
0.538071     0.079919
0.532995     0.080296
0.527919     0.080671
0.522843     0.081042
0.517766     0.081412
0.512690     0.081783
0.507614     0.082153
0.502538     0.082517
0.497462     0.082819
0.492386     0.083122
0.487310     0.083417
0.482233     0.083710
0.477157     0.084003
0.472081     0.084296
0.467005     0.084584
0.461929     0.084810
0.456853     0.085035
0.451777     0.085252
0.446701     0.085465
0.441624     0.085679
0.436548     0.085892
0.431472     0.086081
0.426396     0.086227
0.421320     0.086370
0.416244     0.086504
0.411168     0.086638
0.406091     0.086773
0.401015     0.086901
0.395939     0.086967
0.390863     0.087033
0.385787     0.087086
0.380711     0.087139
0.375635     0.087192
0.370558     0.087230
0.365482     0.087216
0.360406     0.087197
0.355330     0.087168
0.350254     0.087140
0.345178     0.087111
0.340102     0.087031
0.335025     0.086936
0.329949     0.086830
0.324873     0.086725
0.319797     0.086619
0.314721     0.086469
0.309645     0.086297
0.304569     0.086105
0.299492     0.085913
0.294416     0.085721
0.289340     0.085470
0.284264     0.085203
0.279188     0.084919
0.274112     0.084636
0.269036     0.084321
0.263959     0.083976
0.258883     0.083634
0.253807     0.083293
0.248731     0.082928
0.243655     0.082526
0.238579     0.082153
0.233503     0.081780
0.228426     0.081374
0.223350     0.080947
0.218274     0.080537
0.213198     0.080126
0.208122     0.079659
0.203046     0.079197
0.197970     0.078737
0.192893     0.078242
0.187817     0.077722
0.182741     0.077202
0.177665     0.076653
0.172589     0.076069
0.167513     0.075478
0.162437     0.074855
0.157360     0.074194
0.152284     0.073523
0.147208     0.072806
0.142132     0.072047
0.137056     0.071270
0.131980     0.070436
0.126904     0.069581
0.121827     0.068664
0.116751     0.067707
0.111675     0.066703
0.106599     0.065635
0.101523     0.064520
0.096447     0.063334
0.091371     0.062081
0.086294     0.060760
0.081218     0.059348
0.076142     0.057876
0.071066     0.056286
0.065990     0.054598
0.060914     0.052813
0.055838     0.050913
0.050761     0.048853
0.045685     0.046639
0.040609     0.044249
0.035533     0.041657
0.030457     0.038803
0.025381     0.035635
0.020305     0.032107
0.015228     0.028039
0.010152     0.023154
0.005076     0.016805
0.005076     -0.005477
0.010152     -0.007970
0.015228     -0.009522
0.020305     -0.010548
0.025381     -0.011237
0.030457     -0.011693
0.035533     -0.011956
0.040609     -0.012079
0.045685     -0.012083
0.050761     -0.011986
0.055838     -0.011801
0.060914     -0.011541
0.065990     -0.011220
0.071066     -0.010845
0.076142     -0.010427
0.081218     -0.009981
0.086294     -0.009475
0.091371     -0.008942
0.096447     -0.008411
0.101523     -0.007823
0.106599     -0.007233
0.111675     -0.006631
0.116751     -0.005999
0.121827     -0.005389
0.126904     -0.004733
0.131980     -0.004115
0.137056     -0.003453
0.142132     -0.002827
0.147208     -0.002179
0.152284     -0.001539
0.157360     -0.000926
0.162437     -0.000263
0.167513     0.000328
0.172589     0.000958
0.177665     0.001554
0.182741     0.002115
0.187817     0.002735
0.192893     0.003264
0.197970     0.003781
0.203046     0.004364
0.208122     0.004833
0.213198     0.005293
0.218274     0.005809
0.223350     0.006234
0.228426     0.006623
0.233503     0.007043
0.238579     0.007451
0.243655     0.007757
0.248731     0.008063
0.253807     0.008426
0.258883     0.008712
0.263959     0.008954
0.269036     0.009198
0.274112     0.009505
0.279188     0.009746
0.284264     0.009963
0.289340     0.010179
0.294416     0.010453
0.299492     0.010693
0.304569     0.010895
0.309645     0.011096
0.314721     0.011327
0.319797     0.011592
0.324873     0.011764
0.329949     0.011935
0.335025     0.012106
0.340102     0.012322
0.345178     0.012541
0.350254     0.012677
0.355330     0.012812
0.360406     0.012948
0.365482     0.013123
0.370558     0.013319
0.375635     0.013427
0.380711     0.013530
0.385787     0.013632
0.390863     0.013746
0.395939     0.013908
0.401015     0.014034
0.406091     0.014097
0.411168     0.014161
0.416244     0.014224
0.421320     0.014309
0.426396     0.014430
0.431472     0.014514
0.436548     0.014536
0.441624     0.014559
0.446701     0.014582
0.451777     0.014609
0.456853     0.014689
0.461929     0.014768
0.467005     0.014750
0.472081     0.014730
0.477157     0.014710
0.482233     0.014690
0.487310     0.014691
0.492386     0.014726
0.497462     0.014750
0.502538     0.014686
0.507614     0.014621
0.512690     0.014556
0.517766     0.014491
0.522843     0.014454
0.527919     0.014443
0.532995     0.014409
0.538071     0.014305
0.543147     0.014201
0.548223     0.014097
0.553299     0.013993
0.558376     0.013938
0.563452     0.013887
0.568528     0.013757
0.573604     0.013613
0.578680     0.013469
0.583756     0.013326
0.588832     0.013224
0.593909     0.013131
0.598985     0.012964
0.604061     0.012786
0.609137     0.012607
0.614213     0.012435
0.619289     0.012307
0.624365     0.012159
0.629442     0.011964
0.634518     0.011770
0.639594     0.011576
0.644670     0.011421
0.649746     0.011270
0.654822     0.011071
0.659898     0.010871
0.664975     0.010672
0.670051     0.010512
0.675127     0.010346
0.680203     0.010136
0.685279     0.009926
0.690355     0.009726
0.695431     0.009563
0.700508     0.009354
0.705584     0.009128
0.710660     0.008901
0.715736     0.008715
0.720812     0.008503
0.725888     0.008259
0.730964     0.008015
0.736041     0.007809
0.741117     0.007578
0.746193     0.007323
0.751269     0.007072
0.756345     0.006860
0.761421     0.006601
0.766497     0.006335
0.771574     0.006095
0.776650     0.005848
0.781726     0.005573
0.786802     0.005312
0.791878     0.005065
0.796954     0.004781
0.802030     0.004509
0.807107     0.004252
0.812183     0.003962
0.817259     0.003688
0.822335     0.003414
0.827411     0.003118
0.832487     0.002852
0.837563     0.002556
0.842640     0.002267
0.847716     0.001984
0.852792     0.001680
0.857868     0.001404
0.862944     0.001098
0.868020     0.000818
0.873096     0.000509
0.878173     0.000225
0.883249     -0.000085
0.888325     -0.000374
0.893401     -0.000679
0.898477     -0.000979
0.903553     -0.001274
0.908629     -0.001590
0.913706     -0.001891
0.918782     -0.002194
0.923858     -0.002505
0.928934     -0.002820
0.934010     -0.003131
0.939086     -0.003443
0.944162     -0.003756
0.949239     -0.004071
0.954315     -0.004387
0.959391     -0.004701
0.964467     -0.005023
0.969543     -0.005352
0.974619     -0.005683
0.979695     -0.006022
0.984772     -0.006371
0.989848     -0.006727
0.994924     -0.007096
