#  r/R     chord/R  Twist [deg] Sweep/R   airfoil 
0.250000  0.155804  35.023193  0.000000  Airfoil_rR0.950000.txt
0.275000  0.154149  34.575939  0.000000  Airfoil_rR0.925000.txt
0.300000  0.152448  33.704994  0.000000  Airfoil_rR0.900000.txt
0.325000  0.150756  32.720119  0.000000  Airfoil_rR0.875000.txt
0.350000  0.149130  31.673534  0.000000  Airfoil_rR0.850000.txt
0.375000  0.147673  30.505701  0.000000  Airfoil_rR0.825000.txt
0.400000  0.146453  29.319775  0.000000  Airfoil_rR0.800000.txt
0.425000  0.145570  28.102646  0.000000  Airfoil_rR0.775000.txt
0.450000  0.145152  26.870005  0.000000  Airfoil_rR0.750000.txt
0.475000  0.145258  25.696018  0.000000  Airfoil_rR0.725000.txt
0.500000  0.145858  24.454556  0.000000  Airfoil_rR0.700000.txt
0.525000  0.146845  23.220299  0.000000  Airfoil_rR0.675000.txt
0.550000  0.148047  22.016098  0.000000  Airfoil_rR0.650000.txt
0.575000  0.149315  20.858534  0.000000  Airfoil_rR0.625000.txt
0.600000  0.150467  19.658121  0.000000  Airfoil_rR0.600000.txt
0.625000  0.151397  18.464338  0.000000  Airfoil_rR0.575000.txt
0.650000  0.152033  17.271740  0.000000  Airfoil_rR0.550000.txt
0.675000  0.152496  16.116522  0.000000  Airfoil_rR0.525000.txt
0.700000  0.152913  15.054352  0.000000  Airfoil_rR0.500000.txt
0.725000  0.153325  14.146959  0.000000  Airfoil_rR0.475000.txt
0.750000  0.153489  13.290187  0.000000  Airfoil_rR0.450000.txt
0.775000  0.152922  12.508984  0.000000  Airfoil_rR0.425000.txt
0.800000  0.151121  11.759941  0.000000  Airfoil_rR0.400000.txt
0.825000  0.147544  11.037187  0.000000  Airfoil_rR0.375000.txt
0.850000  0.142016  10.395647  0.000000  Airfoil_rR0.350000.txt
0.875000  0.134518  9.785642  0.000000  Airfoil_rR0.325000.txt
0.900000  0.124810  9.146518  0.000000  Airfoil_rR0.300000.txt
0.925000  0.113008  8.509096  0.000000  Airfoil_rR0.275000.txt
0.950000  0.100193  7.862402  0.000000  Airfoil_rR0.250000.txt
